$SPEC_ID:
No sample description was entered.
$SPEC_REM:
DET# 3
DETDESC# Mechanically Cooled
AP# GammaVision Version 6.09
$DATE_MEA:
04/04/2023 16:31:58
$MEAS_TIM:
276 289
$DATA:
0 8191
       0
       0
       0
       0
       0
       0
       0
       0
       0
       0
       0
       0
       0
       0
       0
       0
       0
       0
       0
       0
       0
       0
       0
       0
       0
       0
       0
       0
       0
       0
       0
       0
       0
       0
       0
       0
       0
       0
       2
      15
     322
     744
     754
     685
     688
     687
     706
     664
     659
     698
     611
     654
     621
     616
     628
     647
     557
     570
     548
     587
     567
     550
     555
     528
     515
     491
     491
     556
     497
     507
     491
     467
     463
     502
     495
     524
     479
     496
     508
     449
     521
     470
     518
     579
     557
     550
     505
     436
     480
     419
     451
     418
     436
     440
     524
     557
     556
     521
     485
     426
     366
     355
     356
     348
     341
     338
     304
     327
     335
     299
     343
     308
     322
     327
     303
     311
     327
     287
     345
     303
     285
     335
     325
     340
     310
     308
     338
     345
     285
     345
     311
     341
     358
     307
     306
     301
     335
     322
     380
     374
     322
     392
     422
     456
     539
     493
     481
     455
     433
     401
     380
     319
     337
     356
     376
     384
     370
     400
     379
     404
     448
     408
     461
     429
     476
     491
     499
     536
     562
     559
     635
     612
     637
     626
     658
     660
     628
     651
     691
     664
     654
     708
     671
     665
     661
     651
     697
     598
     631
     580
     509
     475
     471
     478
     438
     452
     511
     503
     493
     511
     563
     530
     608
     589
     607
     622
     596
     553
     539
     496
     511
     554
     597
     606
     800
    1033
    1587
    2534
    3873
    5570
    6686
    6753
    5575
    3707
    2039
    1059
     539
     393
     356
     360
     342
     357
     364
     355
     316
     311
     290
     308
     305
     300
     327
     290
     308
     296
     296
     292
     296
     297
     283
     280
     288
     306
     269
     298
     312
     307
     299
     291
     300
     319
     308
     338
     328
     312
     330
     298
     304
     312
     315
     334
     317
     348
     345
     339
     326
     310
     338
     316
     325
     353
     314
     326
     351
     327
     326
     321
     328
     353
     314
     323
     322
     316
     335
     342
     361
     357
     342
     341
     351
     315
     346
     326
     354
     354
     353
     332
     389
     357
     338
     340
     331
     392
     351
     378
     386
     349
     374
     317
     341
     326
     387
     360
     347
     349
     360
     379
     375
     366
     353
     359
     361
     350
     347
     340
     351
     381
     384
     352
     355
     372
     358
     393
     371
     373
     348
     353
     392
     365
     356
     411
     404
     355
     391
     411
     405
     375
     399
     371
     357
     423
     363
     390
     404
     366
     375
     392
     362
     424
     398
     427
     388
     399
     351
     399
     431
     432
     408
     423
     414
     419
     373
     402
     416
     441
     412
     433
     420
     394
     401
     427
     412
     437
     412
     401
     454
     418
     424
     449
     436
     447
     468
     474
     453
     426
     466
     445
     527
     442
     478
     467
     485
     485
     497
     471
     510
     544
     535
     534
     510
     475
     508
     486
     485
     484
     489
     525
     464
     514
     520
     521
     468
     480
     490
     476
     509
     545
     513
     566
     616
     601
     566
     499
     468
     441
     461
     467
     399
     516
     424
     465
     469
     442
     433
     451
     480
     430
     434
     446
     438
     382
     463
     401
     432
     410
     407
     414
     360
     366
     404
     402
     398
     383
     375
     389
     368
     368
     368
     390
     374
     392
     342
     354
     362
     374
     351
     356
     333
     393
     327
     335
     308
     359
     342
     352
     320
     342
     315
     310
     329
     326
     322
     337
     310
     325
     284
     313
     284
     315
     320
     276
     317
     311
     305
     307
     302
     286
     306
     279
     262
     277
     258
     297
     268
     286
     218
     243
     255
     236
     244
     253
     272
     235
     260
     232
     214
     259
     221
     256
     237
     238
     234
     247
     213
     247
     208
     189
     198
     189
     220
     188
     198
     201
     193
     209
     186
     221
     189
     220
     217
     193
     173
     180
     183
     175
     159
     201
     153
     187
     140
     192
     165
     149
     167
     129
     149
     156
     140
     143
     119
     129
     144
     129
     153
     151
     141
     142
     115
      99
     134
     145
     133
     147
     104
     125
     119
     128
     118
     126
     112
     108
     136
     101
     113
     105
     129
     117
     112
     154
     175
     197
     202
     181
     153
     141
     127
     107
      98
      96
     113
     108
      96
     113
      97
     106
     105
      96
      89
      78
      98
      97
      90
      89
      82
      90
      81
      93
      88
      87
      87
     100
      87
      83
      97
     103
      83
      83
      88
      90
      76
      90
     102
      98
      92
     103
     107
      85
      98
      99
      71
      78
      79
      78
      82
      74
      69
      71
      88
      74
      66
      99
      85
      72
      75
      66
      73
      64
      70
      76
      74
      78
      73
      76
      61
      78
      63
      85
      86
      64
      78
      82
      74
      63
      66
      56
      73
      71
      68
      68
      84
      75
      74
      68
      61
      82
      61
      59
      72
      76
      56
      62
      95
      68
      72
      71
      69
      69
      65
      65
      55
      73
      65
      68
      83
      63
      56
      49
      60
      60
      67
      56
      58
      55
      64
      71
      73
      68
      54
      67
      68
      64
      63
      60
      74
      52
      69
      70
      75
      72
      75
     108
     192
     331
     527
     740
    1048
    1156
    1074
     879
     546
     331
     148
      95
      56
      62
      42
      56
      56
      54
      56
      64
      53
      65
      65
      51
      61
      43
      72
      47
      64
      50
      58
      61
      65
      52
      55
      59
      54
      54
      54
      48
      51
      33
      49
      62
      60
      49
      43
      63
      64
      53
      54
      51
      53
      67
      56
      56
      50
      47
      68
      44
      57
      56
      59
      65
      72
      41
      57
      48
      58
      71
      77
     138
     284
     547
     973
    1613
    2329
    2672
    2522
    2082
    1332
     731
     362
     176
      83
      58
      53
      53
      44
      46
      46
      35
      36
      45
      36
      39
      40
      34
      36
      44
      39
      45
      39
      37
      32
      34
      37
      43
      37
      32
      48
      46
      37
      40
      38
      38
      43
      42
      23
      34
      42
      45
      38
      37
      44
      39
      31
      29
      45
      39
      41
      47
      40
      46
      40
      40
      34
      37
      29
      41
      36
      30
      40
      40
      41
      40
      35
      34
      33
      37
      31
      33
      44
      28
      37
      32
      36
      40
      40
      40
      35
      47
      48
      35
      39
      38
      43
      35
      40
      41
      39
      31
      36
      41
      49
      45
      48
      55
      40
      36
      39
      45
      42
      57
      33
      31
      49
      56
      37
      36
      31
      30
      37
      40
      38
      43
      46
      42
      33
      51
      48
      36
      43
      37
      32
      39
      46
      57
      58
      65
      70
      58
      81
      68
     105
     149
     300
     675
    1446
    2686
    4456
    6373
    7374
    7305
    6012
    4257
    2477
    1129
     453
     147
      55
      17
      15
      14
      19
      13
      16
      17
       7
      16
      13
      21
      14
      13
      11
      15
      14
      12
      11
       6
      14
      14
       8
      12
      15
      12
      13
      15
       9
      10
       9
       7
      13
      10
       8
      17
       9
      11
      11
      16
       5
      12
      11
       9
       4
      10
      12
      10
       7
      13
      12
      13
      13
       4
       8
      14
      17
       4
      12
      14
      15
      31
      48
      78
     190
     350
     594
     814
     961
     989
     901
     615
     352
     191
      80
      34
      17
       9
      10
      10
      10
       7
       3
       5
       6
       6
       8
       8
       7
       6
       9
       7
       7
       6
      10
      10
       9
       7
       8
      10
       7
      11
       6
       7
       5
       5
       8
      10
       6
       5
       8
       6
       6
       9
       7
       9
       3
       9
       3
       6
       9
       8
       6
       8
       5
       4
       5
      10
       3
       4
       4
       6
       7
       7
       4
       6
      10
       9
      11
       8
       1
       7
       7
       5
      10
       5
       5
       7
       9
       5
       8
       4
       6
       8
      10
       4
       5
       6
       6
       6
       8
       7
       4
       7
       2
       6
       9
       7
      10
       7
       4
       9
       6
       7
       5
      12
       6
       9
       5
       4
       5
       5
       5
       1
       7
       9
      10
       6
       9
       6
       1
       5
       3
      11
       7
       1
       3
       2
       4
       7
       7
       5
       1
       6
       3
       6
       3
      11
       4
       6
       6
      11
       9
      13
       8
       6
       7
       8
       9
       5
       4
      10
       5
       3
       7
       4
       6
      10
       6
       4
       4
       5
       4
       2
       4
       4
       4
       6
       9
       6
       4
       5
       4
       3
       2
       6
       5
      10
       6
       4
       2
       6
       4
      10
       2
       8
       9
       8
       6
       6
       6
       3
       4
       4
       4
       1
       8
       4
       7
       6
       5
       4
       5
       8
       5
       4
       3
       3
       8
       5
       9
       5
       9
      10
       5
       5
       6
       1
       5
       6
       4
       2
       5
       8
       3
       4
       5
       8
       2
       6
      11
       0
       3
       6
       6
       2
       8
       9
       4
       5
       1
       5
       7
       3
       4
       1
       5
       5
       3
       6
       2
       7
       4
       5
       9
       2
       8
       4
       5
       3
       4
       6
       2
       6
       5
       4
       3
       1
       3
       3
       0
       5
       1
       5
       5
       4
       4
       2
       5
       1
       7
       7
       3
       7
       3
       4
       8
       5
       3
       5
       2
       5
       2
       6
       5
       3
       5
       0
       5
       7
       6
       3
       6
       5
       3
       8
       4
       9
       7
       5
       4
       1
       7
       3
       2
       4
       7
       3
       3
       3
       2
       6
       8
       3
       5
       6
       6
       7
       2
       3
       3
       9
       5
       5
       3
      11
       7
       5
       6
       7
       6
       3
       7
       7
       8
      11
       8
       7
       8
       6
       5
       9
       4
       4
       8
       3
       5
       1
       6
       4
       4
       1
       3
       3
       3
       3
       6
       4
       4
       4
       3
       2
       4
       6
       2
       0
       4
       2
       1
       2
       2
       3
       5
       0
       3
       6
       5
       4
       7
       4
       4
       3
       3
       5
       4
       3
       2
       6
       4
       5
       4
       2
       6
       3
       1
       4
       2
       2
       2
       9
       6
       2
       3
       2
       3
       7
       3
       2
       3
       5
       4
       1
       4
       6
       4
       8
       3
       9
       3
       4
       3
       2
       2
       5
       2
       4
       2
       6
       1
       2
       2
       8
       3
       6
       3
       8
       5
       4
       4
       3
       2
       3
       2
       4
       1
       2
       3
       2
       3
       2
       2
       5
       5
       6
       0
       2
       4
       1
       3
       2
       2
       6
       1
       2
       3
       3
       1
       3
       2
       4
       4
       8
       2
       6
       0
       5
       4
       3
       3
       3
       0
       1
       1
       5
       5
       5
       3
       6
       2
       3
       0
       3
       6
       7
       5
       2
       4
       2
       4
       4
       3
       4
       6
       3
       5
       2
       6
       2
       2
       2
       4
       4
       3
       5
       6
       2
       0
       2
       3
       2
       5
       2
       2
       4
       4
       4
       4
       4
       5
       6
       7
      11
      12
      11
       3
       9
       5
       6
       6
       6
       5
       3
       2
       3
       1
       7
       2
       5
       2
       2
       2
       3
       2
       3
       3
       2
       2
       3
       6
       1
       2
       4
       1
       4
       5
       5
       2
       3
       9
       4
       1
       2
       3
       2
       7
       4
       6
       6
       5
       3
       1
       8
       3
       5
       2
       3
       4
       3
       5
       3
       1
       2
       4
       4
       2
       0
       3
       4
       6
       5
       2
       7
       4
      11
      14
      17
       7
      10
       8
       4
       4
       3
       3
       3
       3
       5
       2
       2
       5
       2
       3
       4
       3
       4
       7
       3
       4
       3
       4
       3
       4
       1
       7
       0
       2
       1
       1
       4
       2
       2
       0
       3
       3
       2
       2
       3
       1
       8
       0
       3
       5
       1
       2
       4
       0
       2
       4
       4
       2
       1
       3
       2
       5
       2
       1
       1
       1
       0
       5
       4
       5
       4
       1
       3
       2
       6
       3
       2
       1
       1
       0
       2
       7
       2
       0
       2
       6
       4
       3
       3
       1
       3
       3
       4
       3
       0
       1
       5
       1
       5
       3
       1
       3
       4
       2
       3
       4
       3
       2
       4
       2
       3
       3
       4
       4
       5
       2
       2
       2
       1
       1
       0
       5
       1
       1
       2
       3
       1
       2
       0
       0
       3
       1
       2
       4
       5
       6
       0
       5
       4
       2
       2
       6
       3
       3
       2
       2
       1
       3
       4
       0
       6
       3
       1
       3
       2
       5
       2
       3
       0
       3
       3
       2
       1
       1
       3
       2
       6
       3
       1
       1
       0
       2
       4
       0
       4
       4
       1
       4
       2
       3
       1
       2
       2
       6
       1
       0
       0
       7
       1
       3
       3
       3
       1
       4
       2
       3
       2
       1
       3
       2
       3
       5
       3
       4
       0
       1
       3
       0
       2
       2
       2
       4
       1
       3
       2
       1
       3
       3
       4
       1
       1
       4
       2
       5
       3
       0
       4
       4
       2
       1
       3
       0
       3
       3
       3
       1
       2
       3
       1
       3
       1
       4
       2
       1
       1
       4
       3
       2
       3
       4
       2
       2
       3
       2
       3
       1
       1
       1
       0
       3
       3
       2
       2
       3
       1
       2
       0
       3
       3
       0
       3
       4
       5
       4
       2
       2
       3
       0
       2
       3
       4
       2
       2
       3
       1
       2
       4
       3
       1
       1
       0
       1
       1
       4
       4
       5
       3
       6
       1
       0
       2
       3
       0
       0
       4
       3
       0
       3
       4
       1
       0
       4
       3
       2
       3
       5
       2
       4
       1
       1
       3
       4
       6
       1
       0
       5
       3
       2
       2
       2
       5
       5
       2
       0
       2
       3
       1
       2
       4
       2
       5
       5
       2
       2
       2
       1
       2
       6
       2
       4
       6
       2
       1
       2
       2
       3
       4
       3
       2
       2
       1
       4
       4
       1
       1
       2
       0
       3
       2
       3
       2
       1
       2
       2
       2
       1
       3
       3
       1
       0
       3
       3
       2
       1
       3
       1
       2
       3
       3
       3
       4
       4
       3
       3
       0
       1
       0
       2
       5
       1
       4
       3
       1
       1
       2
       1
       3
       2
       0
       4
       3
       2
       6
       4
       1
       3
       0
       0
       0
       2
       1
       0
       2
       4
       1
       3
       5
       0
       3
       1
       0
       1
       2
       2
       5
       1
       6
       4
       4
       3
       2
       3
       1
       1
       0
       1
       1
       2
       2
       4
       3
       0
       6
       3
       4
       2
       0
       2
       1
       1
       1
       1
       2
       3
       2
       1
       2
       2
       3
       2
       4
       0
       4
       2
       4
      11
       5
       4
       1
       1
       1
       3
       3
       3
       0
       2
       5
       3
       1
       3
       2
       2
       6
       7
       1
       4
       2
       2
       4
       0
       0
       0
       3
       1
       2
       5
       0
       2
       4
       2
       7
       3
       3
       0
       2
       3
       2
       3
       2
       3
       4
       1
       1
       2
       1
       2
       6
       2
       1
       5
       1
       1
       3
       1
       3
       2
       3
       3
       2
       3
       3
       4
       2
       2
       3
       4
       2
       3
       2
       2
       3
       2
       2
       3
       5
       1
       1
       2
       3
       2
       1
       1
       2
       3
       0
       1
       1
       2
       2
       2
       4
       1
       1
       2
       2
       5
       1
       1
       4
       2
       1
       1
       2
       2
       2
       2
       3
       0
       1
       0
       1
       4
       2
       2
       1
       1
       1
       6
       2
       0
       1
       0
       2
       3
       0
       2
       0
       2
       2
       4
       1
       0
       5
       1
       5
       1
       1
       1
       2
       2
       2
       1
       2
       3
       1
       4
       1
       2
       2
       0
       2
       3
       1
       3
       1
       2
       1
       6
       3
       0
       2
       3
       0
       3
       2
       0
       0
       2
       2
       3
       2
       2
       1
       2
       3
       2
       2
       2
       0
       6
       4
       3
       4
       2
       1
       4
       0
       0
       3
       1
       2
       3
       2
       1
       2
       3
       1
       1
       3
       1
       4
       1
       4
       0
       1
       4
       0
       3
       1
       2
       1
       0
       4
       1
       3
       2
       4
       1
       1
       3
       0
       0
       1
       2
       2
       3
       2
       1
       4
       2
       1
       3
       1
       1
       2
       0
       0
       2
       4
       1
       1
       3
       1
       4
       1
       5
       4
       4
       1
       1
       1
       2
       4
       1
       1
       2
       2
       0
       1
       3
       3
       3
       3
       1
       0
       2
       1
       0
       3
       1
       3
       1
       3
       2
       1
       1
       1
       3
       1
       1
       3
       3
       1
       2
       1
       3
       2
       3
       1
       3
       1
       3
       2
       2
       1
       3
       3
       1
       1
       0
       3
       2
       1
       0
       1
       1
       2
       0
       1
       1
       1
       2
       0
       0
       2
       1
       1
       1
       2
       3
       0
       0
       5
       0
       3
       1
       0
       1
       0
       2
       6
       3
       1
       2
       2
       1
       5
       2
       2
       1
       2
       0
       1
       2
       3
       4
       7
       8
       8
       8
      11
       2
       5
       5
       3
       3
       2
       1
       1
       0
       2
       1
       0
       1
       2
       5
       2
       1
       0
       1
       1
       5
       1
       5
       0
       1
       3
       1
       1
       1
       2
       1
       1
       2
       2
       1
       1
       2
       3
       3
       0
       1
       1
       1
       1
       0
       3
       4
       1
       1
       2
       0
       4
       3
       1
       2
       0
       3
       3
       4
       0
       4
       2
       4
       2
       1
       1
       2
       2
       2
       1
       0
       0
       2
       3
       0
       0
       0
       0
       1
       0
       1
       1
       2
       4
       2
       2
       1
       1
       0
       2
       0
       0
       1
       2
       2
       0
       3
       3
       1
       3
       1
       1
       3
       4
       1
       0
       2
       2
       0
       3
       3
       2
       0
       2
       5
       5
       0
       2
       0
       3
       2
       3
       1
       2
       0
       4
       3
       2
       2
       3
       1
       1
       2
       1
       1
       0
       2
       1
       2
       2
       1
       3
       1
       2
       1
       6
       2
       1
       8
       2
       5
       3
       1
       5
       5
       5
       2
       6
       4
       2
       3
       1
       2
       0
       3
       3
       2
       1
       1
       1
       1
       2
       1
       1
       1
       1
       4
       1
       1
       2
       3
       4
       2
       0
       2
       2
       2
       2
       1
       1
       4
       1
       2
       3
       1
       3
       2
       1
       2
       0
       0
       3
       0
       3
       2
       0
       2
       0
       3
       1
       0
       2
       0
       1
       0
       0
       1
       1
       0
       1
       3
       1
       0
       1
       1
       1
       0
       1
       1
       0
       1
       2
       2
       1
       0
       3
       0
       1
       0
       2
       1
       3
       4
       5
       2
       2
       3
       2
       0
       1
       2
       3
       1
       3
       1
       1
       1
       2
       2
       1
       4
       1
       1
       3
       1
       1
       1
       1
       2
       2
       0
       0
       1
       1
       2
       2
       1
       0
       0
       4
       2
       0
       0
       2
       0
       2
       2
       0
       2
       2
       1
       1
       3
       3
       1
       2
       1
       3
       1
       4
       3
       1
       2
       2
       1
       3
       5
       2
       3
       0
       1
       2
       3
       1
       1
       3
       4
       1
       1
       2
       0
       2
       4
       1
       2
       1
       3
       2
       0
       2
       1
       2
       0
       3
       1
       0
       1
       0
       0
       1
       1
       0
       0
       2
       3
       5
       0
       2
       0
       0
       1
       2
       2
       1
       0
       1
       1
       1
       1
       2
       2
       2
       1
       2
       0
       1
       1
       1
       1
       1
       1
       0
       2
       1
       0
       4
       2
       0
       1
       1
       1
       1
       2
       0
       3
       2
       5
       0
       1
       3
       4
       2
       2
       1
       0
       3
       3
       1
       2
       0
       0
       1
       3
       2
       2
       3
       1
       0
       3
       1
       4
       1
       1
       0
       1
       0
       1
       1
       0
       2
       2
       0
       2
       1
       2
       2
       3
       2
       2
       0
       2
       2
       5
       1
       1
       1
       2
       0
       3
       0
       1
       0
       0
       3
       3
       0
       0
       2
       1
       1
       1
       1
       3
       3
       0
       2
       1
       1
       1
       0
       1
       0
       0
       1
       1
       2
       3
       1
       2
       6
       2
       1
       3
       3
       1
       2
       1
       0
       3
       2
       1
       0
       2
       3
       1
       0
       0
       2
       2
       0
       1
       0
       1
       3
       3
       3
       2
       1
       0
       4
       0
       1
       1
       1
       1
       1
       0
       2
       1
       1
       1
       1
       1
       6
       3
       0
       2
       0
       3
       0
       2
       1
       2
       2
       1
       1
       2
       3
       2
       0
       1
       5
       1
       1
       1
       2
       1
       0
       2
       3
       2
       1
       0
       0
       1
       2
       3
       1
       1
       0
       1
       1
       2
       1
       0
       1
       1
       4
       1
       2
       1
       4
       1
       3
       0
       4
       4
       3
       2
       2
       5
       4
       5
       1
       1
       1
       0
       0
       2
       1
       1
       1
       3
       3
       1
       0
       1
       2
       2
       0
       0
       1
       1
       1
       1
       3
       4
       0
       1
       0
       1
       1
       1
       4
       2
       2
       0
       2
       0
       2
       0
       0
       2
       0
       0
       2
       0
       1
       0
       1
       0
       0
       1
       3
       1
       2
       0
       1
       2
       2
       1
       2
       1
       3
       1
       1
       1
       3
       1
       3
       1
       0
       1
       1
       1
       0
       1
       2
       1
       0
       1
       2
       0
       1
       2
       1
       0
       0
       0
       0
       0
       2
       2
       2
       0
       4
       1
       3
       1
       4
       1
       3
       3
       2
       1
       1
       2
       0
       2
       2
       2
       2
       2
       1
       0
       2
       4
       0
       2
       1
       2
       0
       4
       2
       2
       2
       2
       0
       2
       0
       0
       0
       0
       0
       3
       1
       3
       1
       0
       0
       3
       6
       1
       6
       3
       6
       7
       0
       3
       1
       1
       2
       1
       0
       2
       1
       1
       1
       1
       1
       0
       0
       3
       3
       0
       1
       0
       2
       0
       2
       4
       0
       1
       0
       2
       2
       0
       1
       1
       2
       2
       3
       1
       1
       3
       1
       1
       3
       1
       0
       0
       0
       0
       0
       1
       2
       2
       0
       0
       1
       1
       1
       1
       1
       1
       1
       2
       0
       1
       2
       1
       2
       2
       1
       3
       1
       1
       3
       2
       3
       2
       1
       1
       1
       0
       2
       2
       0
       0
       0
       3
       1
       2
       0
       0
       0
       2
       2
       1
       2
       2
       1
       1
       1
       3
       0
       0
       1
       2
       2
       2
       1
       4
       2
       1
       0
       1
       2
       1
       2
       3
       1
       0
       1
       0
       3
       2
       0
       2
       2
       0
       1
       0
       1
       0
       2
       2
       1
       2
       1
       2
       1
       1
       2
       2
       0
       4
       1
       1
       3
       1
       2
       0
       2
       1
       1
       3
       2
       1
       2
       1
       1
       0
       1
       1
       1
       0
       4
       1
       1
       2
       2
       1
       2
       0
       1
       1
       1
       1
       6
       1
       1
       1
       2
       0
       1
       1
       2
       1
       0
       1
       0
       2
       1
       2
       2
       1
       1
       3
       2
       1
       1
       6
       2
       2
       1
       1
       1
       1
       1
       2
       3
       1
       0
       1
       1
       1
       1
       0
       1
       1
       0
       1
       2
       1
       2
       3
       0
       0
       3
       1
       2
       1
       0
       1
       1
       1
       4
       1
       2
       1
       3
       2
       1
       3
       0
       2
       1
       1
       1
       1
       0
       0
       0
       1
       0
       0
       2
       1
       1
       1
       3
       1
       0
       1
       6
       0
       1
       1
       0
       0
       1
       1
       1
       3
       1
       3
       0
       1
       2
       1
       0
       0
       2
       2
       0
       1
       0
       0
       0
       3
       1
       1
       1
       2
       2
       0
       2
       2
       0
       3
       0
       0
       0
       0
       3
       1
       1
       0
       0
       0
       0
       7
       1
       0
       2
       4
       2
       0
       0
       2
       1
       1
       1
       1
       0
       0
       1
       2
       0
       1
       1
       0
       0
       2
       1
       0
       0
       2
       1
       0
       2
       0
       1
       2
       0
       0
       0
       1
       0
       2
       0
       1
       0
       0
       0
       0
       2
       2
       0
       1
       1
       1
       2
       2
       0
       1
       1
       0
       3
       1
       2
       2
       0
       0
       1
       0
       1
       1
       2
       0
       0
       2
       1
       1
       1
       2
       4
       0
       1
       1
       0
       1
       0
       1
       1
       1
       2
       0
       0
       0
       0
       0
       0
       0
       0
       0
       2
       0
       1
       1
       1
       1
       1
       0
       0
       0
       0
       0
       1
       0
       0
       0
       1
       0
       0
       0
       2
       0
       0
       3
       0
       1
       3
       2
       0
       3
       2
       5
       0
       2
       4
       1
       0
       0
       0
       1
       1
       0
       0
       1
       0
       1
       1
       1
       1
       0
       1
       1
       1
       0
       1
       1
       1
       0
       1
       3
       0
       2
       1
       0
       1
       2
       2
       0
       0
       0
       1
       0
       0
       1
       0
       0
       0
       0
       0
       0
       1
       0
       0
       0
       0
       0
       0
       1
       1
       3
       1
       0
       0
       0
       1
       0
       1
       0
       0
       0
       0
       2
       2
       0
       0
       0
       0
       1
       1
       0
       0
       1
       0
       0
       0
       1
       0
       1
       1
       0
       1
       1
       0
       0
       2
       0
       0
       1
       0
       1
       0
       0
       1
       1
       3
       0
       0
       0
       1
       0
       0
       1
       0
       0
       0
       1
       0
       1
       1
       0
       0
       0
       0
       3
       1
       3
       1
       0
       1
       0
       1
       2
       3
       1
       0
       2
       0
       0
       1
       0
       1
       1
       0
       0
       1
       0
       0
       1
       0
       0
       0
       0
       0
       0
       1
       0
       0
       0
       1
       0
       1
       1
       0
       1
       2
       1
       3
       0
       1
       1
       0
       0
       0
       0
       0
       0
       0
       1
       1
       0
       2
       0
       0
       1
       0
       2
       0
       0
       2
       2
       0
       2
       1
       0
       1
       1
       0
       0
       0
       1
       0
       2
       0
       1
       3
       1
       2
       1
       1
       1
       2
       1
       0
       1
       0
       0
       0
       0
       0
       1
       0
       0
       0
       0
       1
       0
       0
       1
       0
       0
       0
       0
       1
       0
       0
       0
       0
       0
       0
       0
       0
       1
       0
       0
       0
       0
       0
       2
       0
       2
       0
       0
       1
       2
       0
       1
       1
       0
       0
       1
       2
       0
       0
       0
       2
       0
       0
       0
       0
       0
       0
       0
       0
       1
       0
       0
       0
       2
       1
       0
       0
       2
       2
       0
       0
       3
       2
       0
       0
       0
       0
       0
       1
       0
       0
       0
       2
       1
       1
       2
       0
       2
       0
       0
       1
       1
       0
       1
       0
       2
       0
       0
       0
       1
       1
       0
       0
       1
       2
       0
       0
       0
       1
       2
       1
       0
       0
       0
       2
       0
       0
       0
       0
       1
       1
       1
       0
       2
       2
       0
       1
       2
       2
       5
       5
      10
      16
      15
      15
      22
      18
      26
      25
      40
      30
      22
       8
       4
       8
       0
       4
       1
       3
       0
       1
       0
       1
       0
       4
       0
       2
       1
       0
       0
       3
       0
       0
       0
       1
       0
       0
       0
       1
       1
       1
       0
       0
       1
       1
       0
       1
       0
       0
       0
       0
       0
       0
       0
       0
       0
       1
       1
       0
       0
       0
       0
       0
       1
       0
       0
       0
       1
       0
       0
       1
       0
       0
       0
       0
       1
       0
       0
       0
       0
       0
       0
       0
       0
       0
       0
       0
       0
       0
       0
       2
       2
       0
       0
       0
       0
       1
       0
       0
       0
       0
       0
       0
       1
       0
       0
       2
       1
       1
       0
       1
       0
       0
       0
       0
       1
       1
       0
       0
       0
       0
       0
       0
       1
       0
       0
       0
       1
       2
       0
       0
       0
       0
       0
       0
       1
       0
       1
       0
       1
       0
       0
       0
       2
       1
       0
       0
       0
       0
       0
       0
       0
       0
       0
       0
       0
       1
       0
       0
       0
       0
       0
       0
       1
       1
       0
       0
       0
       0
       2
       1
       0
       2
       1
       0
       0
       0
       1
       0
       1
       0
       0
       1
       0
       0
       1
       0
       0
       0
       0
       1
       0
       0
       0
       0
       0
       1
       1
       0
       0
       0
       0
       0
       1
       1
       0
       1
       0
       2
       1
       0
       0
       1
       0
       0
       1
       0
       1
       0
       0
       1
       0
       0
       0
       0
       0
       0
       0
       0
       1
       0
       0
       0
       0
       0
       1
       0
       1
       0
       0
       0
       0
       0
       1
       0
       0
       0
       0
       1
       0
       0
       2
       0
       0
       0
       0
       0
       0
       0
       0
       0
       0
       0
       2
       1
       1
       0
       0
       0
       0
       0
       0
       0
       0
       0
       0
       2
       0
       1
       1
       1
       0
       0
       0
       1
       0
       0
       1
       0
       0
       0
       0
       0
       1
       0
       0
       0
       0
       0
       0
       0
       0
       0
       0
       0
       0
       1
       0
       1
       0
       0
       1
       0
       0
       0
       0
       0
       1
       0
       0
       0
       0
       0
       0
       0
       0
       1
       0
       0
       0
       1
       0
       0
       1
       0
       0
       1
       1
       0
       1
       1
       1
       0
       0
       0
       0
       0
       1
       0
       0
       1
       0
       1
       1
       1
       1
       1
       2
       1
       0
       0
       0
       0
       0
       0
       1
       0
       1
       0
       0
       1
       1
       1
       1
       0
       0
       0
       0
       1
       0
       0
       0
       0
       1
       0
       1
       1
       0
       0
       1
       1
       0
       0
       0
       0
       0
       0
       0
       0
       0
       1
       0
       0
       0
       0
       0
       0
       0
       0
       0
       0
       0
       0
       2
       0
       0
       1
       0
       0
       0
       0
       0
       1
       0
       0
       0
       0
       0
       0
       0
       0
       0
       0
       0
       0
       0
       1
       1
       2
       0
       0
       0
       1
       0
       1
       1
       2
       1
       0
       0
       0
       0
       0
       1
       0
       0
       0
       0
       0
       0
       0
       0
       0
       1
       0
       0
       0
       1
       0
       3
       0
       0
       2
       0
       1
       0
       0
       0
       0
       0
       0
       0
       0
       0
       0
       0
       0
       1
       0
       1
       0
       0
       0
       1
       0
       0
       1
       0
       0
       0
       0
       0
       0
       0
       0
       1
       0
       0
       0
       0
       0
       0
       0
       0
       1
       1
       0
       0
       0
       0
       0
       0
       0
       0
       1
       0
       0
       0
       0
       0
       0
       0
       0
       0
       1
       0
       0
       0
       0
       1
       0
       1
       0
       0
       0
       1
       0
       1
       0
       2
       0
       0
       0
       0
       1
       1
       0
       2
       1
       1
       0
       0
       0
       1
       0
       0
       0
       0
       0
       0
       0
       0
       0
       1
       0
       0
       0
       0
       0
       0
       0
       0
       0
       0
       0
       2
       0
       0
       0
       0
       1
       0
       0
       0
       0
       0
       0
       0
       0
       0
       0
       0
       0
       0
       0
       0
       0
       0
       0
       0
       1
       0
       0
       0
       1
       0
       0
       0
       0
       0
       0
       1
       0
       0
       0
       0
       1
       0
       0
       0
       0
       0
       0
       0
       0
       0
       0
       0
       0
       0
       0
       1
       0
       0
       0
       0
       0
       0
       1
       0
       1
       0
       0
       0
       0
       0
       0
       0
       0
       0
       0
       0
       0
       0
       0
       0
       1
       0
       0
       0
       0
       0
       0
       0
       0
       0
       0
       0
       1
       0
       0
       0
       0
       0
       0
       0
       0
       0
       0
       0
       0
       0
       0
       0
       0
       0
       0
       0
       0
       0
       0
       0
       0
       0
       0
       0
       1
       2
       0
       0
       0
       1
       1
       0
       0
       0
       0
       0
       0
       0
       0
       0
       0
       0
       1
       0
       0
       0
       0
       0
       0
       0
       0
       0
       0
       0
       0
       0
       1
       0
       1
       0
       0
       0
       1
       2
       0
       1
       0
       0
       0
       1
       0
       0
       0
       0
       0
       0
       0
       0
       0
       0
       0
       0
       0
       0
       0
       1
       0
       0
       0
       0
       0
       0
       0
       0
       0
       0
       0
       0
       0
       0
       0
       0
       0
       0
       0
       0
       0
       0
       0
       0
       0
       0
       0
       0
       0
       0
       0
       0
       0
       0
       0
       0
       0
       0
       0
       1
       0
       0
       1
       0
       0
       1
       0
       0
       0
       0
       0
       0
       2
       0
       0
       0
       0
       1
       0
       0
       1
       1
       0
       0
       4
       1
       1
       4
       2
       0
       4
       1
       6
       1
       0
       1
       0
       0
       0
       0
       0
       0
       1
       1
       0
       0
       0
       0
       0
       0
       0
       0
       1
       1
       0
       0
       0
       0
       0
       0
       0
       0
       0
       0
       0
       0
       0
       0
       0
       0
       0
       0
       0
       0
       1
       0
       0
       0
       0
       0
       0
       0
       0
       0
       0
       0
       0
       0
       0
       0
       0
       1
       0
       0
       1
       0
       0
       0
       0
       1
       1
       0
       0
       0
       0
       1
       0
       0
       0
       0
       0
       0
       0
       0
       1
       0
       0
       0
       0
       0
       0
       0
       0
       1
       1
       0
       0
       0
       0
       0
       0
       0
       0
       0
       0
       0
       0
       0
       0
       0
       0
       0
       0
       0
       0
       0
       0
       0
       0
       0
       1
       0
       0
       0
       0
       0
       0
       0
       0
       0
       1
       0
       0
       0
       0
       0
       0
       0
       0
       0
       0
       0
       0
       1
       0
       1
       0
       0
       1
       0
       0
       0
       0
       0
       0
       0
       0
       0
       0
       1
       1
       0
       0
       1
       0
       0
       0
       0
       0
       0
       0
       0
       0
       0
       0
       0
       0
       0
       0
       0
       0
       1
       0
       0
       0
       0
       0
       0
       0
       0
       0
       0
       0
       0
       0
       1
       0
       1
       0
       0
       0
       0
       0
       0
       0
       0
       0
       0
       0
       0
       0
       0
       0
       0
       0
       1
       0
       0
       0
       0
       0
       1
       0
       1
       0
       2
       0
       2
       0
       0
       0
       0
       0
       0
       0
       0
       0
       0
       0
       0
       0
       0
       0
       1
       0
       0
       0
       0
       0
       0
       0
       0
       1
       0
       0
       0
       0
       0
       0
       0
       0
       0
       0
       0
       0
       0
       0
       0
       0
       0
       0
       0
       0
       0
       0
       0
       1
       0
       0
       0
       0
       1
       0
       0
       0
       2
       1
       0
       0
       0
       0
       0
       0
       0
       1
       0
       0
       1
       0
       0
       0
       0
       0
       0
       0
       0
       0
       0
       0
       0
       0
       0
       1
       0
       0
       0
       0
       0
       0
       0
       0
       0
       0
       0
       0
       1
       0
       0
       0
       0
       0
       0
       0
       0
       0
       0
       1
       0
       0
       0
       0
       0
       0
       0
       1
       0
       0
       0
       0
       0
       0
       1
       0
       1
       1
       0
       0
       1
       0
       0
       0
       0
       0
       0
       0
       0
       0
       0
       0
       0
       1
       0
       0
       0
       1
       0
       0
       0
       0
       1
       0
       0
       0
       0
       0
       0
       0
       0
       0
       0
       0
       0
       0
       0
       0
       0
       0
       0
       1
       0
       0
       1
       0
       0
       0
       1
       1
       0
       0
       0
       0
       0
       0
       0
       0
       0
       1
       0
       0
       0
       1
       0
       0
       0
       0
       0
       0
       0
       0
       0
       0
       0
       0
       0
       0
       0
       0
       0
       0
       0
       1
       1
       0
       0
       0
       0
       0
       0
       0
       1
       0
       0
       0
       0
       0
       0
       0
       0
       0
       0
       0
       0
       0
       0
       0
       0
       0
       1
       0
       0
       0
       0
       0
       0
       0
       1
       0
       0
       0
       0
       0
       0
       0
       0
       0
       0
       0
       0
       1
       0
       0
       0
       0
       0
       1
       0
       2
       0
       0
       0
       0
       0
       0
       0
       0
       0
       0
       0
       0
       0
       0
       0
       0
       0
       0
       0
       1
       0
       0
       1
       1
       0
       1
       1
       0
       0
       0
       1
       0
       0
       1
       0
       0
       0
       0
       0
       0
       0
       0
       0
       0
       0
       1
       0
       1
       0
       1
       0
       0
       0
       0
       0
       0
       0
       0
       0
       0
       0
       0
       0
       0
       2
       1
       1
       0
       0
       0
       0
       1
       0
       0
       0
       0
       1
       1
       0
       0
       0
       0
       0
       0
       0
       0
       0
       0
       0
       0
       0
       0
       0
       1
       1
       0
       0
       0
       0
       0
       0
       0
       0
       0
       0
       0
       0
       0
       0
       0
       0
       0
       0
       0
       0
       0
       0
       0
       0
       0
       0
       0
       0
       0
       0
       0
       0
       0
       0
       0
       0
       0
       0
       0
       0
       0
       0
       0
       1
       0
       0
       0
       0
       0
       0
       0
       0
       0
       0
       0
       0
       0
       0
       0
       0
       1
       0
       0
       0
       0
       0
       1
       0
       0
       0
       0
       0
       0
       0
       0
       0
       0
       0
       0
       1
       2
       0
       0
       0
       0
       0
       0
       0
       0
       0
       0
       0
       0
       0
       0
       1
       0
       0
       0
       0
       0
       0
       0
       0
       1
       0
       1
       0
       0
       0
       0
       0
       0
       0
       1
       0
       0
       1
       2
       0
       0
       0
       0
       0
       0
       0
       0
       0
       0
       1
       0
       0
       0
       0
       0
       0
       0
       0
       0
       0
       0
       0
       0
       0
       0
       0
       0
       0
       0
       1
       0
       0
       0
       0
       0
       0
       0
       0
       0
       1
       0
       0
       0
       0
       0
       0
       0
       0
       0
       0
       0
       0
       0
       1
       0
       0
       0
       0
       0
       0
       1
       0
       0
       1
       0
       0
       0
       0
       0
       0
       0
       0
       0
       0
       0
       0
       2
       0
       0
       0
       1
       0
       0
       0
       0
       0
       1
       0
       0
       0
       0
       0
       0
       1
       0
       0
       0
       0
       0
       1
       0
       0
       0
       0
       1
       0
       0
       0
       0
       0
       0
       0
       0
       0
       0
       0
       0
       0
       0
       0
       0
       0
       0
       0
       0
       0
       0
       0
       0
       0
       0
       0
       0
       0
       1
       1
       0
       0
       0
       0
       0
       0
       0
       0
       0
       0
       0
       0
       1
       0
       0
       0
       0
       0
       0
       0
       0
       0
       0
       0
       0
       0
       0
       0
       0
       0
       0
       0
       0
       0
       0
       1
       0
       0
       1
       0
       0
       0
       0
       0
       0
       0
       2
       0
       1
       0
       1
       0
       1
       0
       0
       0
       0
       0
       0
       0
       0
       0
       0
       0
       0
       0
       0
       2
       1
       0
       0
       0
       0
       0
       1
       1
       0
       2
       1
       0
       0
       0
       0
       0
       0
       0
       1
       0
       0
       1
       0
       0
       0
       0
       0
       0
       0
       0
       0
       0
       0
       1
       0
       0
       0
       1
       0
       0
       0
       0
       1
       0
       0
       0
       1
       0
       1
       0
       0
       1
       0
       0
       0
       0
       0
       0
       0
       0
       0
       0
       0
       0
       0
       0
       1
       1
       0
       0
       0
       0
       0
       0
       0
       0
       0
       0
       0
       1
       0
       0
       0
       0
       0
       0
       0
       0
       0
       0
       0
       0
       0
       0
       0
       0
       0
       0
       0
       0
       0
       0
       0
       0
       0
       0
       0
       0
       0
       0
       0
       0
       0
       0
       0
       0
       0
       0
       0
       0
       0
       1
       0
       0
       0
       1
       0
       0
       0
       0
       0
       0
       0
       0
       0
       0
       0
       0
       0
       0
       0
       0
       0
       0
       0
       0
       0
       0
       0
       0
       0
       1
       0
       0
       0
       0
       0
       0
       0
       0
       0
       0
       0
       0
       0
       0
       0
       0
       0
       0
       0
       1
       0
       0
       1
       0
       0
       0
       0
       0
       0
       0
       0
       2
       0
       0
       0
       0
       0
       0
       0
       0
       0
       0
       0
       0
       0
       0
       1
       0
       0
       0
       0
       0
       0
       0
       0
       0
       1
       0
       0
       0
       1
       0
       2
       0
       1
       1
       0
       0
       0
       0
       1
       0
       0
       0
       0
       0
       0
       0
       0
       0
       1
       0
       0
       0
       0
       0
       1
       1
       0
       0
       0
       0
       0
       0
       0
       0
       1
       0
       0
       0
       0
       0
       0
       0
       0
       0
       0
       0
       0
       0
       0
       1
       0
       0
       0
       0
       1
       0
       0
       0
       0
       0
       0
       0
       1
       0
       0
       0
       1
       2
       2
       0
       1
       2
       3
       2
       0
       0
       3
       0
       1
       0
       1
       0
       0
       0
       0
       0
       0
       0
       0
       0
       0
       0
       1
       0
       0
       0
       0
       0
       0
       0
       0
       0
       0
       0
       0
       0
       0
       0
       0
       0
       0
       0
       0
       0
       0
       0
       0
       0
       0
       0
       0
       0
       0
       0
       0
       0
       0
       0
       0
       0
       0
       1
       0
       0
       0
       0
       0
       0
       0
       1
       0
       0
       0
       0
       0
       0
       0
       0
       0
       0
       0
       0
       0
       0
       0
       0
       0
       0
       1
       0
       0
       0
       0
       0
       0
       0
       0
       0
       0
       0
       0
       0
       0
       0
       1
       0
       0
       0
       0
       0
       0
       0
       0
       0
       0
       0
       0
       0
       0
       0
       0
       0
       0
       0
       1
       0
       0
       1
       0
       0
       0
       0
       0
       0
       0
       1
       0
       0
       0
       0
       0
       0
       0
       0
       0
       0
       0
       0
       1
       0
       0
       0
       0
       0
       0
       0
       0
       0
       0
       1
       0
       2
       0
       0
       0
       0
       0
       0
       0
       0
       0
       0
       0
       0
       0
       0
       0
       0
       0
       0
       0
       0
       0
       0
       1
       0
       0
       0
       0
       0
       0
       0
       0
       0
       0
       0
       0
       0
       0
       0
       2
       0
       0
       0
       0
       1
       0
       0
       0
       0
       0
       0
       0
       0
       0
       0
       1
       0
       0
       0
       0
       1
       0
       0
       0
       0
       0
       1
       0
       0
       0
       1
       0
       0
       0
       0
       0
       0
       0
       0
       1
       0
       0
       1
       0
       0
       0
       0
       0
       0
       0
       0
       0
       0
       0
       0
       0
       0
       0
       0
       0
       0
       0
       0
       1
       0
       0
       0
       0
       0
       0
       0
       0
       0
       0
       1
       0
       0
       0
       0
       0
       0
       0
       0
       1
       0
       0
       1
       0
       0
       0
       1
       0
       0
       0
       0
       0
       0
       0
       0
       0
       0
       1
       0
       0
       1
       0
       0
       0
       0
       0
       0
       0
       0
       0
       0
       0
       0
       0
       0
       0
       1
       0
       0
       0
       0
       0
       0
       0
       0
       0
       0
       0
       0
       0
       0
       0
       2
       0
       0
       0
       0
       0
       0
       0
       0
       1
       0
       0
       0
       0
       0
       0
       0
       0
       0
       0
       0
       0
       0
       1
       0
       0
       0
       0
       0
       0
       0
       0
       0
       0
       0
       0
       0
       0
       1
       0
       0
       0
       0
       0
       0
       0
       0
       0
       1
       0
       0
       0
       0
       0
       0
       0
       0
       0
       0
       0
       1
       0
       2
       0
       0
       1
       0
       0
       0
       0
       1
       0
       0
       0
       0
       0
       0
       0
       0
       0
       0
       0
       0
       0
       0
       1
       0
       0
       0
       0
       0
       1
       0
       0
       0
       0
       0
       0
       0
       0
       0
       1
       0
       0
       0
       0
       0
       0
       0
       1
       0
       0
       0
       0
       0
       0
       0
       0
       0
       0
       0
       0
       0
       0
       0
       0
       1
       0
       0
       1
       0
       0
       0
       0
       1
       0
       1
       0
       1
       0
       0
       0
       0
       0
       0
       0
       0
       0
       0
       0
       0
       0
       1
       0
       0
       0
       0
       0
       1
       0
       0
       0
       0
       0
       0
       0
       0
       0
       0
       0
       0
       0
       0
       0
       0
       2
       0
       0
       0
       1
       0
       0
       0
       0
       0
       0
       0
       1
       0
       0
       0
       0
       0
       0
       0
       0
       0
       0
       0
       0
       0
       0
       0
       0
       0
       0
       0
       0
       0
       0
       0
       0
       1
       0
       0
       0
       0
       0
       0
       0
       0
       0
       0
       0
       0
       0
       0
       0
       0
       0
       0
       0
       0
       0
       0
       0
       1
       0
       0
       0
       0
       0
       0
       0
       0
       0
       0
       0
       0
       1
       0
       0
       0
       0
       0
       0
       0
       0
       0
       0
       0
       0
       0
       0
       0
       0
       0
       0
       0
       0
       0
       0
       0
       0
       0
       0
       0
       0
       0
       0
       0
       0
       0
       0
       1
       0
       0
       0
       0
       0
       0
       0
       0
       0
       1
       0
       0
       0
       0
       0
       0
       1
       0
       0
       0
       0
       0
       0
       0
       0
       0
       0
       0
       0
       0
       1
       0
       0
       0
       0
       0
       0
       0
       0
       0
       0
       1
       1
       0
       0
       2
       0
       0
       0
       1
       0
       0
       0
       0
       0
       0
       0
       0
       0
       0
       0
       0
       0
       0
       1
       0
       0
       1
       0
       0
       0
       0
       0
       0
       0
       0
       0
       0
       0
       0
       0
       0
       0
       0
       0
       0
       0
       0
       0
       0
       0
       0
       0
       0
       0
       0
       0
       0
       0
       0
       0
       0
       0
       0
       0
       0
       0
       0
       1
       0
       0
       0
       0
       0
       0
       0
       0
       0
       0
       0
       0
       0
       0
       0
       0
       0
       0
       0
       0
       0
       0
       0
       0
       0
       0
       0
       0
       0
       0
       0
       0
       0
       0
       0
       0
       0
       0
       0
       0
       0
       0
       0
       0
       0
       0
       0
       0
       0
       0
       0
       0
       0
       0
       0
       0
       0
       1
       0
       0
       0
       0
       0
       0
       0
       0
       0
       0
       0
       1
       0
       0
       0
       0
       0
       0
       0
       0
       0
       0
       0
       0
       0
       0
       0
       0
       0
       0
       0
       0
       0
       0
       0
       0
       0
       0
       0
       0
       0
       0
       0
       0
       0
       0
       0
       0
       0
       0
       0
       0
       0
       0
       1
       0
       0
       0
       0
       0
       0
       0
       0
       0
       0
       0
       0
       0
       0
       0
       0
       0
       0
       1
       0
       0
       0
       0
       0
       0
       0
       0
       0
       0
       0
       0
       0
       0
       0
       0
       0
       0
       0
       0
       0
       0
       0
       0
       0
       0
       1
       0
       0
       0
       0
       0
       0
       0
       0
       0
       1
       0
       0
       0
       0
       0
       0
       0
       0
       0
       0
       0
       0
       0
       0
       0
       0
       0
       0
       0
       0
       0
       0
       0
       0
       0
       0
       0
       0
       0
       0
       0
       0
       0
       0
       0
       0
       0
       0
       0
       0
       0
       0
       0
       0
       0
       0
       0
       0
       0
       0
       0
       0
       0
       0
       0
       0
       0
       0
       0
       0
       0
       0
       0
       0
       0
       0
       0
       0
       2
       0
       0
       0
       0
       0
       0
       0
       0
       0
       0
       0
       0
       0
       0
       0
       0
       0
       0
       0
       0
       0
       0
       0
       0
       0
       0
       0
       0
       0
       0
       0
       0
       0
       0
       0
       0
       1
       0
       0
       0
       0
       0
       0
       0
       0
       0
       0
       0
       0
       0
       0
       0
       0
       0
       0
       0
       0
       0
       0
       0
       1
       0
       0
       0
       0
       0
       0
       0
       0
       0
       0
       0
       0
       0
       0
       0
       0
       0
       0
       0
       0
       1
       0
       0
       0
       0
       0
       0
       0
       0
       0
       0
       0
       0
       0
       0
       0
       0
       0
       0
       0
       0
       0
       0
       0
       0
       0
       1
       0
       0
       0
       0
       0
       0
       1
       0
       0
       0
       0
       0
       0
       0
       0
       0
       0
       0
       0
       0
       0
       0
       0
       0
       1
       0
       0
       0
       0
       0
       0
       2
       1
       0
       0
       2
       1
       2
       1
       2
       5
       6
       3
       4
       2
       3
       3
       4
       3
       7
       0
       0
       1
       1
       0
       0
       0
       0
       0
       0
       0
       0
       0
       0
       0
       0
       0
       0
       0
       0
       0
       0
       0
       0
       0
       0
       0
       0
       0
       0
       0
       0
       0
       0
       0
       0
       0
       0
       0
       0
       0
       0
       0
       0
       0
       0
       0
       0
       0
       0
       0
       0
       0
       0
       0
       0
       0
       0
       0
       0
       0
       0
       0
       0
       0
       0
       0
       0
       0
       0
       0
       0
       0
       0
       0
       0
       0
       0
       0
       0
       0
       0
       0
       0
       0
       0
       0
       0
       0
       0
       0
       0
       0
       0
       0
       0
       0
       0
       0
       0
       0
       0
       0
       0
       0
       0
       0
       0
       0
       0
       0
       0
       0
       0
       0
       0
       0
       0
       0
       0
       0
       0
       0
       0
       0
       0
       0
       0
       0
       0
       0
       0
       0
       0
       0
       0
       0
       0
       0
       0
       0
       0
       0
       0
       0
       0
       0
       0
       0
       0
       0
       0
       0
       0
       0
       0
       0
       0
       0
       0
       0
       0
       0
       0
       0
       0
       0
       0
       0
       0
       0
       0
       0
       0
       0
       0
       0
       0
       0
       0
       0
       0
       0
       0
       0
       0
       0
       0
       0
       0
       0
       0
       0
       0
       0
       0
       0
       0
       0
       0
       0
       0
       0
       0
       0
       0
       0
       0
       0
       0
       0
       0
       0
       0
       0
       0
       0
       0
       0
       0
       0
       0
       0
       0
       0
       0
       0
       0
       0
       0
       0
       0
       0
       0
       0
       0
       0
       0
       0
       0
       0
       0
       0
       0
       0
       0
       0
       0
       0
       0
       0
       0
       0
       0
       0
       0
       0
       0
       0
       0
       0
       0
       0
       0
       0
       0
       0
       0
       0
       0
       0
       0
       0
       0
       0
       0
       0
       0
       0
       0
       0
       0
       0
       0
       0
       0
       0
       0
       0
       0
       0
       0
       0
       0
       0
       0
       0
       0
       0
       0
       0
       0
       0
       0
       0
       0
       0
       0
       0
       0
       0
       0
       0
       0
       0
       0
       0
       0
       0
       0
       0
       0
       0
       0
       0
       0
       0
       0
       0
       0
       0
       0
       0
       0
       0
       0
       0
       0
       0
       0
       0
       0
       0
       0
       0
       0
       0
       0
       0
       0
       0
       0
       0
       0
       0
       0
       0
       0
       0
       0
       0
       0
       0
       0
       0
       0
       0
       0
       0
       0
       0
       0
       0
       0
       0
       0
       0
       0
       0
       0
       0
       0
       0
       0
       0
       0
       0
       0
       0
       0
       0
       0
       0
       0
       0
       0
       0
       0
       0
       0
       0
       0
       0
       0
       0
       0
       0
       0
       0
       0
       1
       0
       0
       0
       0
       0
       0
       0
       0
       0
       0
       0
       0
       0
       0
       0
       0
       0
       0
       0
       0
       0
       0
       0
       0
       0
       0
       0
       0
       0
       0
       0
       0
       0
       0
       0
       0
       0
       0
       0
       0
       0
       0
       0
       0
       0
       0
       0
       0
       0
       0
       0
       0
       0
       0
       0
       0
       0
       0
       0
       0
       0
       0
       0
       0
       0
       0
       0
       0
       0
       0
       0
       0
       0
       0
       0
       0
       0
       0
       0
       0
       0
       0
       0
       0
       0
       0
       0
       0
       0
       0
       0
       0
       0
       0
       0
       0
       0
       0
       0
       0
       0
       0
       0
       0
       0
       0
       0
       0
       0
       0
       0
       0
       0
       0
       0
       0
       0
       0
       0
       0
       0
       0
       0
       0
       0
       0
       0
       0
       0
       0
       0
       0
       0
       0
       0
       0
       0
       0
       0
       0
       0
       0
       0
       0
       0
       0
       0
       0
       0
       0
       0
       0
       0
       0
       0
       0
       0
       0
       0
       0
       0
       0
       0
       0
       0
       0
       0
       0
       0
       0
       0
       0
       0
       0
       0
       0
       0
       0
       0
       0
       0
       0
       0
       0
       0
       0
       0
       0
       0
       0
       0
       0
       0
       0
       0
       0
       0
       0
       0
       0
       0
       0
       0
       0
       0
       0
       0
       0
       0
       0
       0
       0
       0
       0
       0
       0
       0
       0
       0
       0
       0
       0
       0
       0
       0
       0
       0
       0
       0
       0
       0
       0
       0
       0
       0
       0
       0
       0
       0
       0
       0
       0
       0
       0
       0
       0
       0
       0
       0
       0
       0
       0
       0
       0
       0
       0
       0
       0
       0
       0
       0
       0
       0
       0
       0
       0
       0
       0
       0
       0
       0
       0
       0
       0
       0
       0
       0
       0
       0
       0
       0
       0
       0
       0
       0
       0
       0
       0
       0
       0
       0
       0
       0
       0
       0
       0
       0
       0
       0
       0
       0
       0
       0
       0
       0
       0
       0
       0
       0
       0
       0
       0
       0
       0
       0
       0
       0
       0
       0
       0
       0
       0
       0
       0
       0
       0
       0
       0
       0
       0
       0
       0
       0
       0
       0
       0
       0
       0
       0
       0
       0
       0
       0
       0
       0
       0
       0
       0
       0
       0
       0
       0
       0
       0
       0
       0
       0
       0
       0
       0
       0
       0
       0
       0
       0
       0
       0
       0
       0
       0
       0
       0
       0
       0
       0
       0
       0
       0
       0
       0
       0
       0
       0
       0
       0
       0
       0
       0
       0
       0
       0
       0
       0
       0
       0
       0
       0
       0
       0
       0
       0
       0
       0
       0
       0
       0
       0
       0
       0
       0
       0
       0
       0
       0
       0
       0
       0
       0
       0
       0
       0
       0
       0
       0
       0
       0
       0
       0
       0
       0
       0
       0
       0
       0
       0
       0
       0
       0
       0
       0
       0
       0
       0
       0
       0
       0
       0
       0
       0
       0
       0
       0
       0
       0
       0
       0
       0
       0
       0
       0
       0
       0
       0
       0
       0
       0
       0
       0
       0
       0
       0
       0
       0
       0
       0
       0
       0
       0
       0
       0
       0
       0
       0
       0
       0
       0
       0
       0
       0
       0
       0
       0
       0
       0
       0
       0
       0
       0
       0
       0
       0
       0
       0
       0
       0
       0
       0
       0
       0
       0
       0
       0
       0
       0
       0
       0
       0
       0
       0
       0
       0
       0
       0
       0
       0
       0
       0
       0
       0
       0
       0
       0
       0
       0
       0
       0
       0
       0
       0
       0
       0
       0
       0
       0
       0
       0
       0
       0
       0
       0
       0
       0
       0
       0
       0
       0
       0
       0
       0
       0
       0
       0
       0
       0
       0
       0
       0
       0
       0
       0
       0
       0
       0
       0
       0
       0
       0
       0
       0
       0
       0
       0
       0
       0
       0
       0
       0
       0
       0
       0
       0
       0
       0
       0
       0
       0
       0
       0
       0
       0
       0
       0
       0
       0
       0
       0
       0
       0
       0
       0
       0
       0
       0
       0
       0
       0
       0
       0
       0
       0
       0
       0
       0
       0
       0
       0
       0
       0
       0
       0
       0
       0
       0
$ROI:
6
748 762
3303 3321
3539 3556
3832 3857
3937 4042
7053 7203
$PRESETS:
None
0
0
$ENER_FIT:
0.369260 0.365870
$MCA_CAL:
3
3.692600E-001 3.658700E-001 4.208100E-008 keV
$SHAPE_CAL:
3
3.291200E+000 7.847500E-004 -2.769900E-008
