$SPEC_ID:
No sample description was entered.
$SPEC_REM:
DET# 3
DETDESC# Mechanically Cooled
AP# GammaVision Version 6.09
$DATE_MEA:
03/22/2023 16:32:39
$MEAS_TIM:
1198836 1205967
$DATA:
0 8191
       0
       0
       0
       0
       0
       0
       0
       0
       0
       0
       0
       0
       0
       1
       1
       0
       0
       3
       0
       1
       1
       1
       4
       1
       0
       1
       3
       2
       8
       0
       9
       7
       9
      12
      15
      31
      26
      32
      68
    7595
  121762
  257899
  272470
  270515
  269492
  266951
  265904
  264345
  262852
  260551
  260220
  258878
  258281
  258068
  257340
  254822
  254658
  252963
  252222
  251902
  249828
  248515
  248390
  247023
  246117
  244235
  243414
  243472
  240669
  240093
  239856
  237743
  236276
  235726
  234555
  233133
  231974
  230229
  229188
  228253
  227724
  225863
  224668
  222518
  222115
  220457
  218829
  217985
  216215
  214562
  212616
  212508
  211668
  208284
  208079
  207612
  205516
  204682
  203160
  201667
  200596
  199713
  197781
  197578
  195843
  194728
  193720
  192867
  191100
  189681
  189157
  188740
  186347
  185281
  184829
  183078
  181928
  181272
  180743
  179274
  177684
  178199
  176229
  176847
  176585
  175982
  174643
  173678
  172773
  172704
  171559
  170315
  169315
  169938
  169396
  170062
  168907
  167812
  167391
  168136
  166767
  166771
  167571
  166825
  167001
  167246
  166792
  167168
  167458
  168142
  167725
  168072
  168703
  168685
  169040
  170029
  171173
  171846
  173265
  173880
  175283
  175821
  175135
  175158
  175232
  173859
  175573
  175488
  177045
  177318
  178732
  180662
  181029
  182457
  181590
  182179
  182462
  183495
  186141
  189723
  196130
  201042
  206691
  210293
  211869
  215949
  221416
  224355
  221411
  216219
  207428
  201047
  198004
  198145
  200460
  205453
  213025
  219419
  224248
  225735
  227490
  230287
  239899
  250942
  255825
  251718
  240392
  230823
  225121
  225926
  227600
  228549
  225525
  221392
  216621
  213918
  211495
  210742
  211207
  210897
  208692
  207356
  206427
  206073
  206633
  207817
  210738
  214369
  219322
  224332
  230172
  230553
  228941
  224139
  221889
  221132
  222887
  224153
  224714
  223190
  220362
  217251
  216958
  216714
  217826
  219664
  217900
  218661
  219103
  220036
  221238
  224456
  226093
  225848
  225346
  223200
  221691
  220821
  218575
  218544
  218473
  218896
  218858
  219517
  218634
  219591
  220366
  220300
  221269
  222256
  221672
  221397
  222230
  220612
  222073
  221752
  221166
  221835
  220170
  220868
  220812
  221410
  221726
  222021
  222962
  222906
  223610
  222999
  223129
  223656
  222372
  221849
  222043
  221356
  221396
  221709
  221978
  221484
  221522
  221314
  221165
  221282
  221925
  221930
  220966
  220800
  220882
  220082
  219898
  219951
  220066
  219374
  218998
  219832
  219328
  218847
  219206
  218657
  218771
  217137
  217287
  217299
  216839
  216798
  216433
  215927
  215495
  215330
  215687
  215496
  214839
  215233
  213943
  213883
  213624
  213254
  212825
  212823
  212972
  212679
  212747
  211668
  211758
  210638
  210759
  211412
  210630
  209859
  210220
  210857
  210662
  210129
  209297
  208998
  208095
  207103
  206416
  205623
  204912
  204711
  203499
  202998
  203245
  202277
  202355
  200625
  200074
  199808
  199816
  199246
  198438
  198641
  196993
  197042
  196846
  196607
  196413
  195569
  194633
  195814
  194694
  193749
  193019
  193002
  192435
  191798
  190312
  190441
  190736
  189943
  189715
  188741
  189640
  188374
  188214
  187253
  185929
  185996
  184230
  184625
  183748
  183314
  182702
  183146
  182311
  180815
  180836
  180018
  180105
  179500
  179162
  178636
  178244
  176833
  176998
  176602
  176296
  176053
  175615
  175732
  174318
  174125
  173388
  172603
  171628
  171409
  170713
  169993
  169365
  168446
  169026
  167495
  167369
  166744
  165822
  165837
  165530
  164194
  164002
  163777
  162553
  162356
  161913
  162099
  161675
  160855
  159664
  160355
  159738
  159121
  157963
  157874
  157730
  156944
  156461
  155368
  154124
  154929
  154230
  154170
  153626
  154044
  152526
  151562
  151324
  151291
  151039
  150523
  150475
  149128
  149370
  149079
  148557
  147836
  147366
  146415
  146584
  145737
  145658
  145106
  144692
  144882
  143470
  143418
  143333
  142544
  142078
  141996
  141417
  141712
  140467
  140693
  139986
  139884
  139784
  138828
  139112
  137619
  137459
  137319
  137481
  137288
  137581
  137829
  140032
  142260
  144582
  145811
  144797
  142670
  139667
  136133
  133476
  131546
  131021
  130248
  130391
  130253
  129178
  128992
  128449
  128393
  127597
  127383
  127243
  127381
  126441
  125979
  125528
  124601
  124951
  123983
  123727
  123926
  123606
  122709
  122514
  122351
  121541
  121927
  120785
  121315
  120219
  120035
  120075
  119303
  119342
  118432
  117634
  118352
  118124
  116966
  116865
  117126
  116495
  116021
  115285
  115734
  115387
  115176
  115028
  114174
  114155
  113795
  113065
  112202
  112761
  112767
  113302
  114923
  115761
  116328
  115266
  113735
  111693
  110180
  109327
  108975
  107650
  107983
  107034
  107019
  106783
  106506
  106121
  106062
  105732
  105372
  105064
  104703
  104792
  104084
  104516
  103282
  103474
  103075
  103305
  102796
  102215
  101771
  102267
  102008
  101206
  101266
  101088
  100823
   99851
  100050
   99315
   99028
   99530
   98723
   98745
   99000
   98878
   97961
   97788
   97766
   96139
   96069
   96330
   96855
   95977
   95691
   95603
   95255
   94829
   94880
   94456
   94270
   93923
   93197
   93495
   92693
   92813
   92096
   92040
   92454
   91435
   91122
   90982
   91014
   91241
   90886
   91043
   91691
   93593
   97706
  107301
  120578
  136366
  148718
  150736
  140310
  125319
  109310
   99009
   96550
   95084
   97305
   97538
   95893
   93587
   89629
   85440
   83449
   81263
   80558
   79948
   79296
   79658
   79243
   78986
   78329
   79218
   78261
   78020
   77616
   77404
   77532
   76473
   76569
   76508
   76563
   75660
   75998
   75365
   75432
   75794
   75837
   74824
   74668
   74639
   73961
   73159
   73231
   73790
   73534
   72835
   72810
   73115
   72813
   72302
   72595
   72112
   72202
   71842
   72068
   71625
   71558
   70649
   69592
   69813
   69663
   69625
   69333
   68480
   68695
   68260
   68283
   68215
   68127
   68049
   67333
   67257
   67528
   66846
   66303
   66875
   66600
   66510
   66282
   66753
   66714
   67927
   68480
   69794
   70847
   71227
   69879
   68809
   66996
   65896
   65289
   63733
   64218
   63606
   63389
   63535
   62899
   63305
   62657
   63267
   62352
   63217
   63156
   64203
   64785
   64467
   63916
   62915
   62208
   61053
   60837
   60290
   60314
   60205
   59242
   59444
   59559
   59142
   59094
   59242
   58637
   58678
   58264
   58270
   58506
   57812
   57678
   57536
   58027
   57672
   57457
   57252
   57414
   57146
   56804
   56765
   56876
   56795
   56291
   55912
   55898
   55382
   55777
   55564
   55352
   55262
   55529
   56026
   56908
   59368
   64551
   71366
   77741
   82300
   80386
   76015
   68297
   61101
   56659
   54349
   52689
   52646
   52760
   53438
   54280
   55397
   56463
   55789
   55326
   54096
   52678
   51678
   50807
   50887
   50578
   50066
   50324
   50244
   50096
   50142
   49780
   49550
   49564
   49603
   49473
   49295
   48992
   48817
   48696
   48795
   48199
   48854
   48110
   47828
   47936
   48136
   48192
   47894
   47866
   47734
   47198
   47278
   47068
   46824
   47128
   47637
   46959
   46713
   47100
   46617
   46443
   45979
   45968
   46037
   45675
   45740
   45673
   45629
   45620
   45378
   45247
   45329
   45380
   45467
   45358
   45491
   45099
   45113
   44809
   44841
   44660
   44344
   44733
   44451
   44137
   44266
   44140
   43956
   44251
   44842
   45774
   46697
   47309
   47744
   47021
   45840
   45338
   43921
   43305
   42869
   42880
   42757
   43160
   42962
   42804
   42329
   42456
   42437
   42183
   41991
   42036
   41741
   41450
   41583
   41791
   41793
   43161
   44749
   47954
   52167
   55123
   56810
   54629
   51093
   47006
   43858
   41545
   40916
   40396
   40032
   39824
   39661
   39523
   39307
   39379
   38991
   38967
   38898
   39037
   38595
   38643
   38670
   38740
   38265
   38226
   38574
   38174
   38699
   38230
   38627
   38754
   38894
   40754
   43904
   50463
   60599
   72911
   84573
   88755
   85583
   74196
   61211
   49519
   42146
   37907
   36236
   35967
   35221
   35180
   35189
   35289
   35383
   35419
   35077
   34892
   35123
   34802
   34804
   34611
   34736
   34415
   34529
   34367
   34114
   34438
   34446
   34245
   34208
   33984
   34011
   33816
   33932
   33817
   33484
   33866
   33558
   33348
   33757
   33587
   33353
   33113
   33404
   33066
   33223
   33075
   33214
   33102
   33057
   32648
   32700
   32540
   32761
   32561
   32826
   32487
   32263
   32671
   32453
   32219
   32483
   31981
   31879
   32195
   31892
   31959
   32172
   31426
   31332
   31409
   31840
   31619
   31611
   31554
   31292
   31126
   31464
   31411
   31358
   31043
   31270
   30816
   31129
   31293
   30839
   30792
   30938
   30848
   30682
   30380
   30836
   30988
   30728
   30845
   30850
   30684
   31164
   30684
   30845
   30570
   30795
   30686
   30531
   30260
   29998
   29746
   29744
   29869
   29818
   29613
   29760
   29518
   29588
   29592
   29120
   29730
   29489
   29378
   29410
   29198
   29243
   29355
   29046
   29000
   29262
   28860
   28805
   28936
   28576
   28792
   28820
   28928
   29088
   28922
   28885
   28916
   29117
   28451
   28467
   28619
   28153
   28148
   28276
   28622
   28506
   28204
   28184
   28437
   28014
   28092
   28057
   28286
   28246
   28714
   29173
   29525
   29851
   29383
   29508
   28666
   27900
   27814
   27138
   27305
   26976
   27145
   26981
   26944
   26805
   26917
   26778
   26700
   26557
   26506
   26398
   26703
   26453
   26863
   26769
   26458
   26300
   25910
   26229
   26321
   26483
   26146
   26205
   26190
   26167
   26196
   25846
   25899
   25989
   25925
   25950
   25398
   25867
   25504
   25708
   25570
   25788
   25582
   25397
   25736
   25253
   25603
   25376
   25493
   25307
   25351
   24917
   25049
   25204
   25156
   25088
   24939
   24737
   24583
   24801
   24463
   24847
   24584
   24267
   24723
   24459
   24699
   24426
   24452
   24111
   24390
   24376
   24342
   24216
   24274
   24710
   24720
   25008
   25063
   25123
   24548
   24301
   24142
   23900
   23815
   23829
   23467
   23440
   23585
   23561
   23561
   23351
   23352
   23314
   23158
   23503
   23285
   23406
   23263
   23236
   23258
   23080
   23128
   23252
   22835
   23067
   22812
   23121
   23122
   23023
   22820
   22890
   23047
   22957
   22704
   23258
   23359
   23343
   22910
   23069
   22910
   22806
   23078
   22587
   22393
   22673
   22425
   22253
   22269
   22122
   22319
   22158
   22122
   22229
   22258
   22252
   22347
   22447
   22682
   23225
   23901
   25237
   26625
   27287
   27064
   26554
   25628
   23618
   22827
   22008
   21786
   21664
   21532
   21470
   21589
   21373
   21364
   21272
   21207
   21273
   21544
   21817
   21175
   21329
   21165
   21296
   20941
   21326
   20846
   21246
   21311
   20997
   21079
   21178
   21070
   20990
   20849
   21055
   20870
   20706
   20710
   20775
   20939
   20910
   20896
   21007
   20384
   20757
   20724
   20959
   20919
   20787
   20881
   20947
   20803
   20392
   20201
   20049
   20276
   20059
   20144
   20144
   20144
   19893
   20149
   20050
   20039
   20064
   20209
   20496
   20131
   20097
   19948
   20124
   19746
   19786
   19661
   19585
   19652
   19461
   19616
   19415
   19486
   19365
   19458
   19479
   19253
   19341
   19572
   19424
   19149
   19226
   19197
   19280
   19193
   19170
   19289
   19031
   19272
   19163
   19226
   19166
   18902
   18943
   18818
   19070
   18550
   19011
   18818
   18855
   19231
   19142
   18856
   19117
   19078
   18988
   18858
   18739
   18892
   18740
   18845
   18685
   18754
   18891
   19223
   19461
   20053
   21073
   22274
   24231
   26840
   30396
   33538
   36626
   38240
   37540
   35097
   31702
   28371
   25376
   23117
   21222
   20148
   19059
   18752
   18177
   18081
   17904
   17994
   17800
   17859
   17731
   17689
   17638
   17333
   17668
   17616
   17480
   17551
   17584
   17525
   17491
   17262
   17822
   17549
   17668
   17472
   17530
   17364
   17402
   17395
   17268
   17377
   17176
   17394
   17250
   17076
   17202
   16839
   17267
   17143
   17131
   17051
   17010
   17076
   17021
   17067
   17060
   16764
   16750
   16819
   16766
   16974
   17028
   16795
   17098
   17045
   17029
   17220
   17016
   16840
   16631
   16782
   16619
   16769
   17022
   16824
   16655
   16519
   16565
   16692
   16543
   16500
   16372
   16504
   16596
   16539
   16285
   16677
   16504
   16469
   16425
   16339
   16308
   16658
   16524
   16254
   16448
   16134
   16440
   16559
   16454
   16450
   16227
   16271
   16211
   16414
   16211
   16120
   16322
   16114
   16178
   15999
   16055
   16299
   16008
   16070
   15972
   16087
   15736
   15937
   15781
   15744
   15977
   15962
   16030
   15779
   15722
   15842
   15906
   15919
   15732
   15716
   15734
   15763
   15498
   15782
   15764
   15703
   15978
   15665
   15577
   16050
   15994
   16307
   16299
   16731
   16227
   16264
   15899
   15693
   15721
   15688
   15467
   15558
   15401
   15603
   15361
   15427
   15404
   15414
   15564
   15486
   15559
   15433
   15607
   15446
   15642
   15549
   15337
   15624
   15399
   15584
   15698
   15340
   15223
   15230
   15043
   15224
   15006
   14933
   15123
   15080
   15078
   15159
   15152
   15144
   15054
   15102
   15356
   15060
   15568
   15599
   15968
   16129
   16785
   18171
   21192
   25769
   32918
   40281
   46637
   48684
   46598
   40355
   32099
   24932
   19385
   16363
   14905
   14413
   14197
   14007
   13981
   14112
   14166
   13909
   14135
   13890
   13900
   14275
   14132
   14127
   14114
   14064
   14019
   13956
   14033
   13988
   13881
   13923
   14052
   13727
   13886
   14067
   13704
   13987
   13905
   13994
   13738
   13718
   13969
   13756
   13760
   13593
   13821
   13897
   13778
   13725
   13783
   13709
   13857
   13731
   13640
   13542
   13806
   13928
   13847
   13778
   13703
   14124
   13920
   13887
   14069
   14184
   14577
   15321
   17372
   21008
   27616
   37176
   48575
   59661
   66068
   65672
   58372
   46802
   34366
   24474
   18265
   15241
   13557
   13000
   13062
   12675
   12657
   12623
   12957
   12749
   12915
   12607
   12702
   12718
   12888
   12657
   12653
   12636
   12644
   12590
   12355
   12575
   12491
   12612
   12526
   12583
   12494
   12365
   12556
   12540
   12447
   12475
   12564
   12383
   12414
   12462
   12334
   12393
   12253
   12227
   12350
   12149
   12336
   12240
   12225
   12316
   12202
   12417
   12243
   12324
   12267
   12252
   12164
   12208
   12224
   12286
   12237
   12173
   12299
   12186
   12056
   12286
   12085
   12295
   12115
   12150
   12283
   12145
   12080
   12090
   12070
   11883
   12071
   12155
   12048
   12138
   12326
   11892
   12121
   11817
   11960
   11968
   11897
   12015
   12206
   11760
   11893
   11976
   11716
   11877
   11852
   11749
   12066
   11936
   11781
   11917
   11839
   11639
   12063
   11866
   11662
   11887
   11846
   11910
   11921
   11851
   11860
   11687
   11911
   11867
   11763
   11977
   11675
   11857
   11546
   11762
   11632
   11801
   11473
   11555
   11730
   11850
   11491
   11639
   11732
   11652
   11694
   11672
   11796
   12050
   12357
   12760
   14055
   16029
   18623
   22459
   26035
   28687
   28779
   26875
   23206
   19176
   15900
   13862
   12839
   12574
   12570
   12896
   12993
   12648
   12540
   12202
   11711
   11343
   11211
   11005
   11021
   11204
   10978
   10974
   10821
   10893
   11148
   10918
   11180
   11194
   10954
   10867
   10942
   11123
   11083
   10985
   10981
   11389
   11196
   11008
   11143
   10962
   10911
   10836
   10929
   10745
   10979
   10828
   10931
   10811
   10858
   10793
   10793
   10772
   10859
   10737
   10914
   10670
   10672
   10682
   10892
   10785
   10836
   10816
   11012
   10759
   10755
   10727
   10851
   10807
   10803
   10789
   10782
   10741
   10831
   10753
   10666
   10858
   10656
   10853
   10686
   10692
   10635
   10704
   10677
   10666
   10714
   10588
   10645
   10805
   10691
   10606
   10672
   10659
   10629
   10550
   10808
   10567
   10603
   10545
   10524
   10449
   10612
   10746
   10706
   10765
   10546
   10600
   10750
   10772
   10943
   10941
   11112
   10986
   11225
   10907
   10820
   10804
   10589
   10677
   10646
   10584
   10494
   10566
   10559
   10675
   10616
   10773
   10521
   10493
   10253
   10295
   10381
   10466
   10371
   10506
   10297
   10259
   10164
   10299
   10343
   10273
   10118
   10086
   10054
   10076
   10146
   10028
   10230
   10108
   10165
   10176
   10155
   10117
   10150
   10125
   10161
   10184
   10212
   10377
   10387
   10508
   10495
   10360
   10337
   10276
   10383
   10512
   10527
   10875
   10431
   10336
   10403
   10429
   10614
   11078
   11632
   12907
   14316
   16095
   17130
   17509
   16575
   15241
   13293
   11994
   10883
   10130
    9898
    9803
    9727
    9614
    9616
    9675
    9676
    9677
    9678
    9723
    9731
    9500
    9408
    9525
    9610
    9642
    9579
    9565
    9539
    9692
    9676
    9406
    9563
    9502
    9559
    9586
    9466
    9645
    9626
    9629
    9722
    9659
    9978
    9997
    9844
    9834
    9793
    9961
    9664
    9645
    9565
    9562
    9617
    9463
    9525
    9294
    9265
    9420
    9311
    9311
    9475
    9212
    9328
    9543
    9226
    9343
    9256
    9403
    9224
    9465
    9170
    9468
    9527
    9419
    9436
    9670
    9692
   10056
   10180
   10361
   10231
   10244
    9949
    9710
    9670
    9149
    9250
    9150
    9262
    9364
    9272
    9106
    9318
    9072
    9080
    9339
    9379
    9358
    9447
    9806
    9814
    9775
    9861
    9977
    9410
    9551
    9483
    9896
   10067
   10319
   11050
   11563
   12404
   13424
   14182
   14342
   13854
   13395
   11967
   10926
   10062
    9922
    9728
    9971
   10040
   10163
   10425
   10289
    9817
    9555
    9263
    8910
    8809
    8710
    8834
    8709
    8839
    8744
    8637
    8688
    8511
    8575
    8732
    8624
    8588
    8535
    8706
    8715
    8907
    8757
    9176
    9115
    9190
    9023
    8983
    9156
    8821
    9019
    9348
    9857
   10147
   10621
   10802
   10784
   10481
   10084
    9707
    9425
    9174
    9188
    8956
    8784
    8740
    8668
    8728
    8410
    8591
    8503
    8501
    8366
    8670
    8969
    9273
    9466
   10410
   11259
   12181
   12641
   12488
   12098
   11278
   10547
    9526
    8974
    8439
    8275
    8316
    8294
    8220
    8183
    8195
    8195
    8116
    8431
    8321
    8036
    8211
    8197
    8059
    8125
    8320
    8157
    8377
    8394
    8604
    8765
    9113
    9228
    9541
    9439
    9138
    9011
    8711
    8489
    8075
    8184
    8107
    7999
    8013
    7931
    8149
    7997
    8142
    8026
    8057
    8059
    8307
    7892
    8036
    7976
    7988
    8167
    8024
    8238
    8278
    8100
    7990
    7754
    7879
    8013
    8084
    8099
    7961
    7931
    7920
    8060
    7865
    7946
    8115
    8105
    8126
    7946
    8001
    7825
    7954
    7900
    8001
    8029
    7978
    8017
    8052
    8178
    7933
    8348
    7898
    8098
    7889
    7826
    7882
    7940
    8023
    8124
    8131
    8305
    8426
    8392
    8471
    8423
    8265
    8139
    8131
    8014
    7700
    8058
    8196
    8532
    8749
    9152
    9211
    9316
    9193
    9088
    8730
    8328
    8161
    8354
    8492
    8556
    8743
    8755
    8749
    8914
    8730
    8512
    8160
    8096
    7903
    7757
    7793
    7588
    7650
    7823
    7658
    7531
    7725
    7566
    7518
    7557
    7473
    7591
    7657
    7520
    7680
    7569
    7636
    7620
    7262
    7418
    7588
    7681
    7456
    7532
    7480
    7373
    7482
    7589
    7429
    7545
    7566
    7535
    7550
    7737
    7511
    7553
    7407
    7581
    7542
    7599
    7553
    7702
    7918
    8346
    8697
    9411
   10185
   11056
   11733
   11902
   11548
   10852
    9813
    8958
    8231
    7767
    7470
    7454
    7450
    7419
    7197
    7278
    7386
    7283
    7515
    7142
    7322
    7303
    7332
    7544
    7530
    7214
    7496
    7246
    7342
    7462
    7330
    7472
    7484
    7383
    7339
    7442
    7295
    7466
    7300
    7250
    7303
    7280
    7259
    7427
    7342
    7283
    7208
    7196
    7269
    7162
    7098
    7038
    7281
    7226
    7273
    7342
    7246
    7240
    7230
    7234
    7239
    7210
    7143
    7219
    7140
    7323
    7166
    7248
    7345
    7183
    7392
    7228
    7257
    7127
    7040
    7002
    7333
    7306
    7029
    7242
    7339
    7177
    7220
    7217
    7113
    7018
    7337
    7220
    7264
    7241
    7499
    7407
    7438
    7596
    7493
    7252
    7348
    7314
    7172
    7116
    7139
    7023
    7017
    7157
    7116
    7336
    7051
    7296
    7116
    6982
    7221
    7095
    7167
    7136
    7154
    7170
    7276
    7381
    7453
    7609
    7730
    7730
    7943
    7926
    7753
    7729
    7455
    7406
    7304
    7362
    7294
    7719
    7863
    8155
    9102
   11022
   13460
   17303
   21672
   26398
   30253
   31925
   30897
   27574
   22206
   17168
   12706
    9948
    8168
    7117
    6826
    6765
    6717
    6673
    6774
    6715
    6653
    6756
    6577
    6783
    6664
    6574
    6798
    6558
    6732
    6635
    6557
    6665
    6670
    6676
    6711
    6593
    6563
    6620
    6681
    6722
    6540
    6493
    6742
    6603
    6607
    6700
    6754
    6698
    6688
    6714
    6531
    6551
    6640
    6605
    6535
    6646
    6553
    6615
    6755
    6722
    6556
    6933
    7352
    7648
    7983
    8824
    9471
    9445
    9531
    9374
    8819
    8013
    7655
    7109
    6693
    6590
    6639
    6453
    6487
    6592
    6461
    6436
    6440
    6487
    6281
    6445
    6546
    6455
    6496
    6494
    6515
    6417
    6512
    6570
    6537
    6569
    6606
    6767
    6504
    6616
    6564
    6560
    6764
    6814
    6829
    7005
    7182
    7209
    7406
    7474
    7418
    7539
    7337
    7167
    7143
    6997
    6958
    6845
    6661
    6577
    6509
    6444
    6423
    6359
    6431
    6255
    6343
    6342
    6415
    6324
    6486
    6399
    6721
    6600
    6527
    6694
    6548
    6468
    6605
    6519
    6379
    6259
    6525
    6506
    6921
    7376
    7676
    8439
    9443
   10183
   11099
   11537
   11414
   10788
   10176
    9668
    9404
    9774
   11438
   13325
   16184
   18969
   20654
   21318
   20341
   17855
   14798
   11715
    9203
    7687
    6814
    6384
    6124
    6191
    6057
    6055
    6191
    6047
    6042
    5977
    6116
    6170
    6009
    5906
    6102
    6038
    6127
    5947
    6018
    6215
    6114
    6062
    6183
    6072
    5951
    6104
    6138
    6011
    5946
    6055
    6059
    6050
    6087
    6010
    6082
    6046
    6083
    6064
    5964
    6030
    5901
    6125
    6161
    6059
    6164
    6106
    6156
    6139
    6145
    6205
    6013
    5933
    5928
    5950
    5888
    5954
    5811
    6027
    6068
    5994
    5972
    5950
    6029
    5949
    6127
    6005
    5950
    5914
    5917
    5983
    5866
    6058
    6094
    5981
    6150
    6331
    6566
    6866
    7098
    7387
    7563
    7687
    7525
    7126
    6790
    6370
    6216
    6115
    6138
    5845
    5953
    5898
    6040
    5904
    5677
    5887
    5804
    5877
    5927
    5847
    5949
    5901
    5899
    5882
    5874
    5657
    5736
    5930
    5928
    5908
    5836
    5995
    5908
    5939
    5871
    5875
    5901
    5885
    5756
    5796
    5868
    5790
    5784
    5951
    5853
    5843
    5848
    5770
    5730
    5978
    5732
    5768
    5824
    5894
    5875
    5831
    5880
    5849
    5827
    5753
    5868
    5810
    5868
    5794
    5808
    5812
    5693
    5689
    5749
    5811
    5768
    5836
    5911
    5723
    5794
    5577
    5710
    5718
    5728
    5780
    5739
    5752
    5780
    5821
    6005
    5869
    5811
    5888
    6003
    5911
    5869
    5916
    5743
    5794
    5869
    5817
    5736
    5596
    5778
    5679
    5767
    5831
    5705
    5647
    5724
    5857
    5789
    5878
    5847
    5784
    5777
    5807
    5785
    5865
    5798
    5714
    5675
    5847
    5696
    5759
    5651
    5699
    5678
    5826
    5726
    5721
    5737
    5716
    5668
    5772
    5729
    5566
    5694
    5824
    5794
    5890
    5958
    5871
    5985
    5911
    6106
    5981
    5948
    5853
    5780
    5781
    5762
    5755
    5849
    5713
    5728
    5735
    5717
    5561
    5611
    5768
    5605
    5618
    5587
    5672
    5632
    5707
    5650
    5696
    5505
    5646
    5651
    5630
    5726
    5792
    5939
    5710
    5712
    5775
    5820
    5742
    5615
    5723
    5820
    5660
    5638
    5755
    5706
    5684
    5897
    5755
    5721
    5914
    5921
    5820
    5811
    5860
    5811
    5788
    5745
    5755
    5593
    5653
    5733
    5712
    5687
    5716
    5609
    5695
    5596
    5791
    5710
    5730
    5954
    5901
    5959
    6136
    6185
    5977
    6046
    6053
    5773
    5772
    5672
    5550
    5496
    5735
    5425
    5611
    5640
    5700
    5515
    5606
    5674
    5604
    5626
    5743
    5616
    5649
    5666
    5785
    5792
    5685
    5695
    5677
    5572
    5675
    5606
    5602
    5622
    5538
    5569
    5606
    5654
    5849
    5728
    5654
    5639
    5711
    5776
    5695
    5759
    5905
    5692
    5899
    5847
    5800
    5696
    5529
    5595
    5578
    5555
    5745
    5564
    5605
    5791
    5721
    5545
    5670
    5676
    5716
    5795
    5769
    5663
    5823
    5779
    5619
    5685
    5684
    5735
    5669
    5681
    5665
    5516
    5786
    5543
    5726
    5703
    5732
    5725
    5647
    5949
    5780
    5963
    5951
    5943
    6049
    5994
    5946
    5722
    5800
    5884
    5714
    5790
    5612
    5798
    5862
    5710
    5812
    5803
    5929
    6077
    6271
    6691
    7450
    8581
   10205
   12275
   14564
   17145
   18786
   20195
   19300
   17456
   14993
   11943
    9549
    7870
    6663
    6107
    5763
    5506
    5480
    5436
    5446
    5504
    5558
    5574
    5492
    5503
    5575
    5520
    5514
    5668
    5501
    5434
    5449
    5615
    5680
    5622
    5324
    5659
    5752
    5578
    5596
    5818
    5806
    5765
    5681
    5806
    5732
    5716
    5683
    5545
    5547
    5498
    5450
    5509
    5539
    5554
    5607
    5510
    5555
    5495
    5499
    5568
    5592
    5664
    5699
    5690
    5557
    5566
    5527
    5455
    5517
    5574
    5604
    5648
    5622
    5383
    5596
    5630
    5689
    5461
    5655
    5510
    5609
    5579
    5522
    5719
    5595
    5660
    5605
    5717
    5752
    5652
    5655
    5636
    5648
    5815
    5938
    6224
    6494
    6669
    6924
    7149
    7123
    6990
    7011
    6731
    6298
    6120
    5968
    5785
    5773
    5720
    5540
    5666
    5385
    5690
    5624
    5613
    5701
    5692
    5587
    5526
    5732
    5538
    5465
    5687
    5753
    5764
    5648
    5630
    5714
    5729
    5476
    5678
    5536
    5523
    5513
    5665
    5654
    5487
    5737
    5680
    5769
    5734
    5923
    6019
    6049
    6544
    6714
    7157
    7497
    7612
    7644
    7496
    7211
    6861
    6479
    6104
    5835
    5857
    5679
    5509
    5533
    5788
    5584
    5820
    5742
    5565
    5678
    5612
    5658
    5667
    5828
    5717
    5693
    5795
    5853
    5790
    5772
    5801
    5656
    5677
    5774
    5572
    5810
    5813
    5556
    5733
    5663
    5676
    5746
    5619
    5534
    5719
    5758
    5677
    5785
    5696
    5627
    5682
    5719
    5722
    5696
    5706
    5915
    5641
    5760
    5705
    5675
    5728
    5732
    5753
    5829
    5777
    5773
    5610
    5697
    5724
    5625
    5653
    5825
    5935
    5791
    5767
    5680
    5709
    5772
    5706
    5752
    5756
    5655
    5787
    5742
    5840
    5722
    5771
    5764
    5896
    5760
    5907
    6002
    5952
    5966
    6089
    6049
    6107
    6283
    6234
    6155
    6086
    5993
    5902
    5895
    5890
    5934
    5691
    5818
    5614
    5742
    5779
    5681
    5789
    5669
    5792
    5820
    5814
    5784
    5902
    5946
    5877
    5895
    5871
    5756
    5758
    5995
    6015
    5842
    5959
    5869
    5938
    5811
    6029
    5917
    5849
    5994
    5772
    5889
    5859
    5938
    5722
    5850
    5865
    5833
    5751
    5804
    5879
    5873
    5961
    5879
    5762
    5822
    5814
    5919
    6005
    5915
    5953
    5901
    5970
    5942
    5820
    5872
    6008
    5820
    5811
    5935
    5874
    5833
    6065
    5992
    6149
    6218
    6307
    6711
    7313
    7970
    8656
    9416
   10342
   10867
   11008
   10692
    9820
    8851
    7987
    6969
    6282
    5914
    5698
    5339
    5319
    5338
    5326
    5333
    5250
    5171
    5245
    5094
    5160
    5243
    5156
    5259
    5207
    5207
    5157
    5159
    5086
    4979
    4888
    4913
    4795
    4767
    4674
    4741
    4736
    4739
    4646
    4674
    4733
    4646
    4812
    4917
    4710
    4747
    4757
    4634
    4681
    4554
    4635
    4514
    4590
    4350
    4274
    4410
    4256
    4385
    4354
    4307
    4321
    4420
    4294
    4232
    4268
    4284
    4186
    4221
    4293
    4241
    4278
    4250
    4321
    4224
    4294
    4234
    4324
    4194
    4212
    4168
    4242
    4229
    4094
    4216
    4200
    4070
    4138
    4206
    4071
    4096
    4164
    4160
    4085
    4122
    4149
    4190
    4222
    4368
    4160
    4403
    4394
    4404
    4293
    4416
    4276
    4280
    4163
    4211
    4110
    4120
    4080
    4176
    4259
    4360
    4605
    4677
    4918
    5043
    5195
    5178
    5225
    4941
    4762
    4584
    4316
    4050
    4036
    3939
    3878
    3960
    3919
    4030
    3937
    3950
    3936
    4008
    3882
    3919
    3835
    3964
    3805
    3821
    3822
    3821
    3651
    3870
    3749
    3718
    3820
    3692
    3800
    3708
    3750
    3736
    3721
    3752
    3790
    3596
    3754
    3712
    3657
    3654
    3734
    3636
    3674
    3555
    3619
    3575
    3720
    3623
    3594
    3565
    3586
    3662
    3685
    3679
    3494
    3607
    3660
    3738
    3586
    3696
    3591
    3572
    3587
    3652
    3427
    3457
    3634
    3374
    3373
    3423
    3336
    3437
    3405
    3450
    3478
    3454
    3457
    3516
    3420
    3445
    3392
    3404
    3322
    3426
    3327
    3488
    3332
    3391
    3366
    3420
    3397
    3492
    3438
    3397
    3388
    3370
    3374
    3429
    3225
    3296
    3221
    3315
    3246
    3228
    3226
    3248
    3223
    3199
    3162
    3212
    3176
    3187
    3206
    3152
    3231
    3238
    3221
    3165
    3197
    3109
    3147
    3044
    3101
    3076
    3256
    3120
    3114
    3224
    3222
    3320
    3426
    3494
    3701
    4063
    4377
    4775
    5140
    5390
    5308
    5219
    4711
    4481
    4041
    3455
    3333
    3249
    3042
    2973
    2938
    2968
    2906
    3024
    2885
    2856
    2838
    2936
    2947
    2859
    2941
    2876
    2834
    2765
    2755
    2900
    2799
    2795
    2790
    2786
    2863
    2842
    2789
    2777
    2814
    2872
    2822
    2739
    2662
    2761
    2735
    2798
    2796
    2729
    2738
    2704
    2747
    2783
    2695
    2646
    2731
    2695
    2664
    2713
    2705
    2744
    2706
    2710
    2682
    2662
    2662
    2714
    2579
    2730
    2627
    2609
    2674
    2779
    2621
    2592
    2643
    2670
    2683
    2668
    2662
    2625
    2552
    2697
    2560
    2525
    2557
    2515
    2548
    2613
    2568
    2601
    2508
    2633
    2613
    2632
    2552
    2518
    2473
    2491
    2482
    2486
    2572
    2503
    2464
    2513
    2544
    2505
    2355
    2454
    2481
    2538
    2560
    2537
    2461
    2495
    2523
    2597
    2593
    2640
    2771
    2908
    3093
    3467
    3864
    4486
    4902
    5265
    5884
    5941
    5826
    5273
    4702
    4220
    3515
    3056
    2819
    2556
    2514
    2382
    2485
    2457
    2489
    2464
    2651
    2752
    2806
    2876
    3001
    3125
    3052
    3048
    2904
    2890
    2617
    2565
    2457
    2354
    2306
    2422
    2408
    2394
    2321
    2415
    2330
    2332
    2413
    2336
    2320
    2317
    2255
    2340
    2348
    2271
    2310
    2307
    2249
    2301
    2307
    2358
    2325
    2326
    2315
    2362
    2381
    2378
    2466
    2521
    2589
    2728
    2923
    3108
    3297
    3327
    3493
    3305
    3248
    3110
    2804
    2758
    2705
    2519
    2377
    2506
    2617
    2805
    2952
    3300
    3688
    3944
    4311
    4560
    4572
    4374
    4105
    3752
    3296
    2888
    2602
    2354
    2302
    2206
    2195
    2273
    2267
    2209
    2170
    2098
    2201
    2186
    2192
    2197
    2209
    2185
    2193
    2150
    2178
    2240
    2107
    2260
    2147
    2235
    2247
    2151
    2212
    2167
    2277
    2260
    2143
    2250
    2174
    2112
    2176
    2187
    2181
    2125
    2173
    2245
    2209
    2220
    2146
    2159
    2136
    2201
    2197
    2218
    2123
    2160
    2072
    2235
    2268
    2071
    2168
    2046
    2164
    2157
    2170
    2199
    2233
    2128
    2239
    2400
    2394
    2441
    2528
    2461
    2613
    2559
    2585
    2568
    2572
    2477
    2324
    2237
    2113
    2117
    2103
    2158
    2168
    2127
    2141
    2110
    2083
    2287
    2162
    2189
    2153
    2131
    2175
    2156
    2153
    2147
    2157
    2239
    2186
    2210
    2215
    2260
    2278
    2343
    2375
    2374
    2444
    2332
    2481
    2358
    2449
    2516
    2506
    2591
    2669
    2724
    2836
    2762
    2783
    2931
    3174
    3171
    3212
    3373
    3619
    3937
    4379
    5219
    6162
    8106
   10973
   15306
   22009
   31374
   44160
   60255
   79453
   99490
  119048
  132445
  137638
  132561
  118344
   95792
   71304
   48686
   31076
   18149
   10054
    5422
    3089
    2013
    1578
    1336
    1246
    1257
    1215
    1259
    1252
    1257
    1257
    1267
    1258
    1259
    1248
    1326
    1307
    1246
    1281
    1251
    1220
    1270
    1240
    1230
    1245
    1232
    1303
    1260
    1228
    1186
    1317
    1252
    1188
    1265
    1255
    1271
    1250
    1303
    1288
    1302
    1274
    1297
    1251
    1338
    1234
    1244
    1303
    1240
    1241
    1242
    1221
    1263
    1199
    1269
    1238
    1210
    1234
    1256
    1231
    1266
    1215
    1209
    1167
    1326
    1233
    1265
    1248
    1294
    1242
    1281
    1251
    1304
    1230
    1384
    1278
    1237
    1240
    1402
    1318
    1435
    1480
    1607
    1692
    1713
    1856
    1933
    1923
    1839
    1840
    1624
    1562
    1503
    1362
    1306
    1313
    1331
    1354
    1460
    1553
    1572
    1657
    1613
    1564
    1501
    1525
    1414
    1432
    1317
    1274
    1296
    1307
    1268
    1301
    1445
    1461
    1618
    1762
    1994
    2196
    2406
    2781
    2906
    3122
    2983
    2957
    2568
    2377
    2086
    1803
    1668
    1556
    1454
    1567
    1482
    1382
    1339
    1412
    1233
    1280
    1285
    1267
    1153
    1197
    1190
    1181
    1208
    1204
    1186
    1216
    1203
    1211
    1193
    1217
    1186
    1224
    1161
    1236
    1201
    1230
    1145
    1180
    1227
    1093
    1197
    1195
    1185
    1229
    1179
    1166
    1200
    1215
    1186
    1281
    1176
    1275
    1170
    1179
    1224
    1209
    1180
    1191
    1169
    1153
    1212
    1194
    1152
    1138
    1119
    1102
    1192
    1124
    1270
    1257
    1212
    1205
    1261
    1285
    1338
    1349
    1416
    1486
    1447
    1487
    1534
    1463
    1460
    1408
    1296
    1289
    1295
    1214
    1249
    1239
    1271
    1309
    1287
    1322
    1283
    1316
    1212
    1159
    1130
    1135
    1118
    1072
    1080
    1038
    1135
    1058
    1055
    1039
    1072
    1080
    1120
    1048
     995
    1049
    1043
    1064
    1047
    1098
    1088
    1037
    1029
    1120
    1043
    1089
    1032
    1157
    1122
    1150
    1139
    1216
    1148
    1189
    1147
    1128
    1107
    1060
    1070
    1033
    1049
    1055
    1020
    1005
    1062
    1039
    1022
    1030
    1038
    1060
     998
    1035
    1041
    1028
    1013
     983
    1011
    1003
    1003
    1073
    1027
    1009
    1007
    1021
    1011
    1013
    1056
     974
    1029
    1036
    1047
    1050
    1047
    1051
    1020
    1019
    1090
    1025
    1026
    1036
    1043
    1032
     986
     985
    1066
    1029
    1052
    1091
    1068
    1032
    1210
    1252
    1381
    1347
    1434
    1526
    1631
    1635
    1531
    1594
    1665
    1697
    1732
    1744
    1691
    1622
    1558
    1583
    1511
    1615
    1719
    1940
    2082
    2510
    2838
    3250
    3415
    3534
    3461
    3263
    3086
    2726
    2522
    2392
    2312
    2356
    2473
    2507
    2562
    2494
    2396
    2344
    2173
    1918
    1831
    1547
    1487
    1346
    1273
    1250
    1193
    1080
    1101
    1184
    1126
    1162
    1256
    1241
    1229
    1162
    1208
    1094
    1023
    1065
    1046
     980
     998
     988
     956
     943
    1002
     966
    1017
    1019
    1019
     927
    1025
     980
    1023
     967
    1002
    1033
     979
     987
     959
     938
     936
     911
     972
     961
     945
     899
     968
     960
     900
     982
     936
     937
     928
     972
     949
     973
     950
     954
     960
    1039
    1073
    1075
    1196
    1222
    1319
    1464
    1749
    1814
    1936
    2062
    2014
    1997
    1805
    1635
    1492
    1340
    1234
    1167
    1086
    1058
    1068
    1043
    1118
    1113
    1048
    1057
    1036
    1070
    1061
    1109
    1187
    1342
    1476
    1600
    1802
    1916
    2058
    2065
    1978
    1849
    1710
    1462
    1273
    1114
     989
     932
     915
     916
     897
     921
     919
     981
     955
    1045
    1115
    1168
    1130
    1167
    1141
    1179
    1170
    1033
     965
     931
     895
     857
     852
     855
     824
     863
     836
     890
     858
     845
     841
     819
     845
     816
     802
     836
     797
     802
     784
     812
     802
     846
     878
     834
     858
     816
     845
     884
     817
     817
     835
     852
     789
     791
     808
     839
     854
     799
     844
     838
     881
     857
     815
     861
     867
     864
     936
     965
     950
     999
    1069
    1128
    1266
    1443
    1489
    1606
    1638
    1624
    1606
    1508
    1310
    1260
    1120
    1027
     936
     960
     896
     898
     918
     915
     948
     927
     919
     893
     928
     940
     839
     798
     814
     757
     833
     721
     783
     751
     793
     801
     784
     855
     827
     779
     796
     766
     787
     812
     817
     814
     834
     844
     780
     825
     810
     866
     902
     867
     818
     869
     927
     860
     866
     824
     841
     841
     892
     853
     892
     962
     934
    1014
     980
     968
     960
     980
    1015
     895
     885
     867
     912
     804
     812
     852
     757
     823
     808
     831
     872
     812
     898
     905
     948
     913
    1013
     958
     985
     990
     951
     932
     963
     917
     871
     801
     845
     785
     826
     803
     837
     724
     727
     792
     783
     781
     809
     787
     828
     833
     799
     779
     775
     788
     750
     835
     798
     829
     795
     767
     830
     790
     767
     793
     797
     763
     792
     733
     760
     801
     752
     796
     786
     761
     789
     751
     781
     708
     739
     746
     725
     736
     811
     801
     733
     767
     696
     781
     785
     744
     795
     773
     734
     779
     748
     760
     801
     780
     773
     788
     763
     761
     746
     771
     754
     770
     780
     785
     776
     750
     803
     761
     764
     739
     820
     845
     788
     890
     926
     996
    1016
    1146
    1337
    1550
    1811
    2050
    2450
    2731
    2944
    2958
    2833
    2714
    2360
    1976
    1677
    1267
    1107
     982
     812
     770
     759
     722
     730
     706
     732
     713
     766
     750
     766
     780
     773
     823
     788
     753
     799
     754
     726
     765
     717
     750
     706
     756
     701
     762
     692
     709
     693
     735
     709
     738
     743
     724
     733
     711
     738
     741
     735
     736
     740
     750
     709
     722
     763
     777
     781
     798
     738
     833
     720
     776
     734
     769
     764
     792
     794
     762
     760
     779
     780
     755
     837
     803
     794
     824
     834
     881
     907
     900
     923
     934
    1036
    1118
    1319
    1561
    1749
    2242
    2861
    3652
    4816
    6008
    7530
    9081
   10734
   11918
   12564
   12423
   11736
    9907
    8160
    6144
    4459
    3161
    2175
    1438
    1020
     846
     781
     692
     691
     637
     577
     601
     620
     674
     638
     638
     624
     628
     621
     674
     623
     633
     605
     713
     660
     662
     605
     632
     646
     648
     626
     648
     681
     654
     673
     643
     684
     689
     671
     701
     661
     671
     669
     669
     662
     660
     687
     636
     693
     657
     639
     615
     650
     657
     646
     697
     689
     652
     644
     678
     658
     658
     600
     605
     624
     657
     572
     622
     620
     640
     636
     655
     654
     672
     618
     668
     650
     669
     646
     630
     602
     666
     623
     631
     638
     690
     654
     616
     654
     654
     627
     666
     676
     654
     696
     670
     634
     635
     622
     649
     673
     699
     741
     685
     695
     672
     740
     713
     732
     702
     701
     691
     741
     669
     737
     687
     694
     693
     619
     613
     644
     627
     645
     682
     620
     669
     697
     688
     695
     661
     642
     639
     686
     600
     659
     624
     673
     663
     617
     627
     659
     659
     626
     634
     640
     637
     631
     657
     667
     682
     663
     653
     645
     676
     664
     619
     685
     680
     671
     649
     684
     665
     654
     662
     666
     654
     657
     634
     649
     647
     679
     720
     660
     669
     627
     671
     695
     702
     692
     712
     681
     655
     672
     729
     666
     688
     682
     762
     730
     782
     776
     788
     803
     852
     889
     948
     897
     915
     863
     860
     793
     723
     703
     737
     697
     746
     724
     737
     780
     759
     810
     902
     923
     975
    1138
    1311
    1440
    1663
    1835
    1959
    2029
    2115
    2050
    1932
    1705
    1420
    1236
    1003
     893
     802
     706
     669
     665
     669
     607
     609
     616
     643
     649
     637
     570
     623
     665
     664
     660
     662
     656
     643
     591
     620
     667
     648
     641
     683
     651
     667
     671
     615
     621
     669
     622
     666
     645
     657
     667
     643
     694
     660
     634
     613
     670
     680
     627
     670
     655
     655
     676
     669
     666
     651
     689
     690
     701
     687
     715
     738
     762
     725
     743
     847
     854
     821
     754
     778
     755
     794
     769
     729
     744
     680
     709
     677
     629
     658
     649
     691
     656
     654
     640
     653
     697
     723
     645
     647
     644
     639
     648
     655
     615
     695
     664
     685
     619
     688
     676
     659
     751
     667
     762
     692
     689
     729
     722
     682
     730
     690
     751
     715
     693
     720
     707
     679
     692
     696
     677
     696
     683
     741
     703
     731
     693
     706
     748
     763
     789
     742
     740
     723
     713
     730
     697
     692
     739
     693
     662
     666
     697
     664
     669
     678
     621
     602
     667
     645
     731
     640
     680
     649
     666
     632
     651
     632
     643
     704
     661
     632
     680
     641
     672
     653
     651
     619
     663
     647
     676
     676
     705
     686
     629
     651
     584
     689
     610
     638
     661
     600
     674
     647
     660
     588
     660
     664
     601
     666
     637
     642
     660
     669
     665
     649
     677
     644
     672
     638
     647
     662
     631
     679
     674
     644
     634
     641
     685
     682
     640
     663
     660
     658
     608
     616
     664
     626
     703
     665
     637
     671
     661
     677
     660
     679
     610
     661
     597
     695
     707
     695
     694
     682
     732
     737
     724
     771
     746
     747
     733
     744
     712
     693
     718
     688
     695
     681
     676
     645
     646
     673
     659
     673
     641
     669
     624
     671
     651
     644
     664
     642
     625
     611
     644
     614
     612
     670
     670
     635
     695
     616
     622
     652
     629
     645
     622
     673
     633
     667
     674
     628
     650
     675
     700
     669
     680
     592
     635
     643
     647
     639
     668
     660
     650
     655
     636
     606
     633
     646
     669
     647
     637
     637
     622
     579
     668
     619
     656
     705
     643
     662
     671
     632
     617
     637
     615
     616
     685
     651
     696
     606
     655
     630
     634
     631
     643
     617
     636
     649
     643
     596
     635
     644
     591
     622
     638
     632
     628
     629
     667
     608
     613
     613
     589
     635
     615
     594
     631
     595
     625
     595
     600
     567
     597
     620
     643
     616
     565
     625
     611
     635
     584
     603
     606
     605
     593
     588
     564
     554
     610
     606
     629
     566
     576
     620
     559
     610
     578
     583
     627
     584
     602
     592
     532
     602
     578
     623
     588
     561
     582
     598
     563
     608
     575
     602
     559
     590
     609
     544
     625
     583
     596
     581
     568
     617
     580
     550
     587
     529
     553
     573
     582
     549
     566
     616
     565
     569
     588
     585
     607
     593
     574
     606
     589
     562
     584
     568
     577
     557
     561
     578
     599
     558
     555
     633
     580
     586
     576
     577
     596
     639
     658
     651
     578
     606
     584
     617
     595
     573
     564
     596
     532
     596
     578
     599
     613
     543
     522
     602
     600
     600
     557
     583
     600
     621
     581
     582
     586
     555
     588
     566
     567
     561
     542
     566
     604
     545
     564
     570
     575
     562
     604
     554
     597
     569
     567
     581
     567
     526
     560
     583
     585
     575
     543
     549
     560
     559
     550
     599
     586
     547
     558
     560
     576
     555
     569
     594
     533
     572
     545
     582
     607
     564
     552
     558
     531
     596
     575
     561
     596
     571
     594
     564
     597
     563
     539
     581
     608
     573
     597
     604
     570
     576
     554
     590
     581
     557
     533
     573
     577
     575
     546
     551
     527
     574
     593
     568
     612
     590
     585
     569
     584
     612
     555
     570
     623
     603
     614
     584
     611
     622
     550
     566
     537
     579
     613
     561
     538
     571
     582
     590
     557
     527
     516
     535
     557
     564
     558
     500
     570
     568
     545
     572
     573
     583
     538
     573
     552
     548
     589
     543
     571
     563
     576
     586
     523
     558
     538
     543
     539
     607
     592
     534
     540
     549
     571
     558
     562
     565
     548
     550
     581
     596
     549
     526
     496
     535
     574
     573
     543
     533
     535
     573
     570
     533
     522
     605
     532
     552
     629
     508
     499
     533
     565
     524
     556
     516
     561
     557
     566
     584
     551
     573
     573
     526
     537
     576
     570
     548
     541
     512
     583
     548
     553
     547
     574
     569
     590
     603
     582
     596
     533
     568
     596
     623
     607
     569
     560
     555
     616
     637
     593
     567
     613
     630
     593
     592
     650
     635
     685
     716
     766
     906
     981
    1045
    1164
    1336
    1550
    1761
    1942
    2141
    2510
    2620
    2775
    2767
    2696
    2565
    2459
    2226
    2006
    1720
    1513
    1319
    1152
    1012
     866
     800
     656
     684
     677
     614
     667
     671
     658
     625
     623
     607
     642
     602
     585
     614
     587
     624
     617
     615
     672
     637
     740
     766
     867
     948
    1016
    1112
    1188
    1314
    1267
    1342
    1276
    1265
    1147
    1072
     980
     794
     725
     639
     617
     621
     623
     579
     567
     523
     579
     539
     554
     556
     575
     585
     551
     525
     546
     581
     538
     552
     554
     542
     562
     584
     586
     555
     540
     513
     553
     583
     560
     547
     548
     568
     581
     556
     556
     541
     541
     546
     562
     574
     574
     556
     557
     585
     561
     546
     549
     566
     581
     558
     575
     570
     535
     541
     521
     575
     534
     514
     565
     570
     553
     603
     574
     611
     596
     556
     589
     577
     577
     580
     596
     579
     577
     587
     614
     612
     573
     577
     577
     591
     577
     563
     584
     584
     539
     561
     537
     581
     569
     591
     542
     565
     559
     544
     595
     589
     518
     531
     610
     580
     557
     590
     579
     607
     560
     562
     605
     561
     567
     538
     536
     579
     510
     523
     601
     599
     539
     598
     584
     604
     584
     531
     573
     619
     553
     577
     588
     576
     568
     530
     577
     534
     553
     625
     593
     573
     579
     557
     576
     548
     579
     572
     599
     571
     490
     597
     643
     552
     566
     572
     577
     578
     548
     611
     585
     547
     566
     574
     546
     582
     570
     545
     549
     591
     585
     577
     542
     590
     569
     568
     589
     582
     588
     624
     590
     518
     600
     551
     576
     620
     566
     578
     580
     575
     590
     601
     610
     605
     606
     644
     595
     587
     629
     664
     602
     599
     604
     596
     601
     593
     622
     591
     663
     596
     619
     609
     617
     615
     659
     757
     707
     803
     851
     919
    1003
    1201
    1495
    1646
    1932
    2302
    2597
    3072
    3470
    3661
    3781
    3768
    3546
    3118
    2852
    2322
    1943
    1554
    1196
     957
     790
     683
     679
     628
     556
     573
     626
     572
     551
     522
     570
     568
     587
     560
     522
     624
     575
     601
     583
     554
     550
     553
     595
     583
     550
     540
     570
     536
     555
     619
     588
     552
     607
     543
     588
     554
     559
     585
     570
     583
     549
     595
     571
     578
     549
     563
     578
     625
     581
     535
     603
     527
     604
     606
     543
     557
     579
     611
     577
     556
     573
     571
     590
     557
     596
     597
     559
     590
     589
     549
     561
     554
     580
     547
     597
     600
     587
     580
     577
     533
     533
     549
     551
     611
     552
     576
     588
     576
     605
     561
     594
     589
     552
     558
     572
     544
     562
     558
     610
     609
     542
     584
     590
     587
     578
     570
     605
     560
     587
     586
     554
     604
     602
     591
     539
     571
     542
     608
     573
     591
     581
     613
     538
     560
     605
     598
     598
     587
     594
     557
     618
     634
     630
     596
     559
     614
     618
     607
     603
     579
     558
     588
     575
     599
     606
     591
     573
     621
     619
     599
     649
     534
     602
     600
     594
     585
     604
     601
     641
     618
     599
     557
     582
     602
     606
     628
     560
     642
     620
     583
     566
     610
     588
     599
     617
     569
     602
     635
     603
     616
     664
     593
     594
     592
     644
     580
     590
     570
     629
     612
     599
     612
     600
     598
     590
     613
     610
     632
     622
     605
     648
     615
     600
     644
     626
     588
     619
     571
     602
     636
     630
     654
     580
     623
     613
     657
     606
     587
     644
     669
     634
     625
     675
     668
     667
     692
     641
     740
     730
     758
     785
     795
     765
     780
     833
     830
     802
     747
     718
     749
     736
     686
     670
     639
     656
     600
     632
     653
     601
     644
     668
     611
     650
     665
     639
     631
     663
     593
     631
     614
     662
     583
     694
     632
     657
     638
     609
     633
     638
     623
     696
     639
     644
     653
     688
     604
     663
     631
     629
     618
     654
     646
     597
     630
     664
     633
     671
     604
     643
     646
     631
     671
     664
     647
     663
     663
     625
     682
     633
     666
     669
     653
     659
     618
     687
     665
     688
     609
     633
     671
     672
     708
     672
     683
     633
     659
     657
     636
     675
     687
     657
     652
     650
     672
     645
     699
     617
     673
     660
     633
     687
     670
     700
     630
     650
     656
     672
     649
     665
     717
     710
     662
     667
     680
     679
     655
     668
     671
     697
     650
     680
     670
     688
     661
     649
     653
     664
     621
     663
     661
     643
     671
     700
     673
     639
     670
     682
     680
     686
     692
     691
     718
     683
     726
     619
     642
     664
     708
     698
     671
     726
     664
     702
     674
     710
     737
     704
     736
     680
     667
     685
     674
     747
     663
     707
     661
     652
     668
     673
     665
     682
     737
     713
     645
     671
     749
     670
     771
     689
     712
     669
     700
     695
     739
     703
     707
     715
     690
     696
     707
     703
     737
     712
     762
     719
     707
     759
     674
     710
     727
     692
     739
     684
     733
     705
     694
     688
     698
     747
     719
     687
     718
     737
     702
     706
     727
     668
     746
     727
     732
     728
     676
     685
     675
     711
     657
     700
     723
     636
     716
     703
     651
     649
     671
     639
     664
     621
     626
     611
     639
     619
     644
     619
     605
     629
     619
     584
     598
     555
     573
     558
     568
     546
     550
     537
     548
     551
     494
     588
     509
     551
     542
     520
     544
     525
     554
     504
     497
     534
     529
     498
     545
     490
     510
     489
     498
     536
     503
     512
     503
     516
     471
     499
     470
     483
     487
     454
     495
     495
     422
     468
     439
     519
     496
     503
     504
     501
     451
     442
     455
     473
     437
     488
     458
     465
     482
     475
     465
     471
     477
     463
     480
     483
     442
     425
     457
     497
     472
     450
     449
     481
     436
     420
     452
     471
     452
     496
     438
     472
     427
     469
     458
     458
     449
     455
     449
     435
     475
     416
     447
     425
     432
     456
     431
     450
     390
     484
     416
     452
     433
     431
     440
     415
     427
     406
     393
     440
     419
     377
     406
     408
     434
     435
     407
     453
     426
     416
     424
     429
     389
     419
     404
     431
     422
     431
     438
     401
     393
     452
     401
     415
     425
     408
     382
     401
     390
     408
     402
     370
     376
     430
     428
     403
     374
     436
     397
     382
     404
     431
     402
     403
     407
     398
     382
     376
     414
     405
     409
     442
     412
     402
     474
     455
     469
     561
     539
     619
     668
     709
     812
     908
     958
    1133
    1152
    1304
    1266
    1303
    1254
    1192
    1047
     920
     778
     670
     577
     471
     457
     389
     391
     332
     353
     380
     372
     341
     333
     349
     351
     314
     366
     375
     327
     370
     304
     349
     369
     311
     329
     366
     325
     323
     332
     352
     308
     321
     316
     301
     299
     332
     286
     323
     324
     311
     357
     320
     306
     342
     324
     299
     319
     330
     313
     332
     364
     285
     315
     300
     292
     283
     285
     310
     284
     293
     309
     321
     261
     291
     304
     277
     285
     290
     293
     270
     306
     301
     240
     243
     263
     276
     267
     288
     280
     283
     294
     277
     260
     266
     276
     273
     250
     241
     248
     261
     265
     276
     282
     281
     243
     259
     272
     253
     232
     269
     242
     263
     245
     233
     232
     235
     223
     235
     219
     241
     239
     224
     242
     229
     235
     257
     237
     218
     227
     226
     231
     208
     229
     226
     213
     206
     227
     213
     226
     226
     205
     205
     196
     202
     200
     207
     165
     204
     229
     240
     197
     216
     203
     215
     221
     196
     217
     189
     201
     202
     186
     189
     193
     209
     197
     193
     169
     191
     169
     215
     204
     197
     204
     191
     202
     189
     207
     156
     186
     190
     189
     179
     179
     166
     169
     177
     178
     168
     198
     172
     163
     152
     177
     168
     172
     148
     176
     162
     149
     150
     184
     185
     159
     161
     170
     172
     168
     169
     148
     154
     164
     150
     160
     158
     161
     143
     170
     162
     147
     157
     132
     154
     134
     159
     165
     138
     156
     160
     143
     120
     150
     157
     165
     148
     133
     138
     154
     167
     150
     149
     149
     158
     135
     160
     136
     148
     161
     127
     151
     137
     145
     136
     147
     137
     147
     165
     183
     144
     155
     140
     135
     147
     148
     141
     152
     158
     143
     140
     167
     138
     140
     143
     137
     142
     142
     140
     159
     141
     133
     129
     115
     148
     142
     134
     155
     138
     124
     141
     117
     149
     143
     141
     125
     141
     134
     156
     157
     141
     132
     158
     131
     134
     147
     111
     145
     145
     138
     150
     141
     126
     141
     149
     134
     127
     118
     135
     132
     140
     121
     116
     114
     122
     132
     114
     154
     108
     126
     138
     128
     119
     126
     106
     125
     116
     150
     125
     133
     155
     118
     148
     136
     133
     118
     152
     118
     128
     140
     110
     105
     125
     111
     118
     148
     133
     109
     131
     116
      97
     118
     134
     143
     133
     125
     150
     108
     120
     125
     116
     130
     125
     130
     128
     136
     158
     137
     153
     125
     132
     120
     133
     131
     151
     125
     124
     123
     150
     126
     144
     130
     124
     129
     143
     125
     162
     166
     123
     140
     131
     163
     135
     136
     119
     150
     164
     155
     160
     134
     138
     165
     149
     155
     166
     139
     183
     187
     176
     182
     174
     182
     185
     159
     168
     205
     198
     193
     197
     226
     238
     202
     221
     270
     269
     277
     250
     296
     302
     333
     337
     404
     442
     525
     605
     678
     904
    1085
    1360
    1752
    2126
    2679
    3492
    4479
    5481
    6746
    8379
   10070
   12016
   13796
   15525
   16849
   18125
   18352
   17842
   16790
   14845
   12358
    9700
    7380
    5384
    3761
    2478
    1609
    1013
     586
     373
     228
     123
      63
      48
      20
      25
      18
      19
      20
      15
      19
      15
      15
      11
      10
      17
       8
      13
      16
      20
      21
      13
      11
      18
      21
      13
      19
      28
      18
      13
      10
      13
      17
      21
      12
      10
      10
      14
      17
      14
      11
      20
      13
      14
      12
      10
      14
      13
      12
      11
      17
      12
      15
      11
      11
      14
      15
      11
      27
      11
      14
      10
      12
      12
      11
      12
      13
      22
      13
      12
      17
      18
      21
      11
      16
      14
      15
      14
      14
      17
      16
      15
      18
      12
      10
      10
      15
      15
       8
      17
      14
      18
      17
      18
       6
      13
      16
      19
      20
      16
      23
      10
       9
      18
      16
      21
      20
      16
      19
      19
      19
      21
      15
      12
      17
      12
      16
      14
      23
      20
      10
      16
      15
      15
      18
      11
      15
      12
      19
      12
      23
      17
      17
      14
      10
      10
      10
      11
      14
      22
      19
      16
       8
      13
      21
      13
      10
      18
      15
      10
       8
      10
      16
      15
      13
      18
      19
      15
      11
      13
      16
      17
       9
      18
      15
      16
      21
      10
      16
      14
      13
      12
      19
      11
      20
      16
      21
      19
      17
       9
      21
       8
      12
      20
      18
      23
      20
      21
      13
      17
      17
      18
      19
      22
      20
      20
      23
      20
      21
      17
      22
      28
      24
      25
      21
      45
      23
      36
      27
      29
      21
      22
      24
      25
      14
      24
      14
      19
      24
      11
      15
      16
      17
      13
      16
      14
      12
      16
      12
      15
      13
      10
      12
      17
      15
      13
      16
      15
      17
      11
      16
      20
      22
      15
      10
       9
      10
      14
       9
      14
      13
      14
      18
      16
      12
      13
      17
      19
      12
      17
      10
      16
      11
      16
      17
      16
      11
      12
      16
      17
      24
      18
      19
      10
      15
      13
      14
      13
      10
      11
      12
      11
      12
      12
      10
      10
      16
      14
      19
      15
      10
      15
      14
      11
      20
      16
      21
      10
      14
      15
      10
       9
      14
      11
      15
      13
      11
      14
      16
      14
      15
      12
      11
      10
      15
      18
      10
      13
      25
      12
      19
      14
       8
      14
      18
      11
      14
      13
       6
       9
      15
      15
      20
      11
      19
      11
      11
       8
       9
       9
      19
      17
       7
      21
      12
      12
      14
      17
      12
      18
      14
      11
      10
      14
      12
      23
      16
      13
      13
      12
      11
      12
      16
      16
      10
      15
      20
      14
      16
      15
      15
      13
      15
      21
      13
      17
      10
      15
      10
      14
      12
      12
      13
      12
      12
      22
      10
      13
      12
       9
      15
      20
      10
      15
      15
      13
      16
      13
      13
      18
      17
      16
      12
      15
      27
      27
      27
      37
      28
      26
      22
      23
      25
      13
      13
      23
      17
      19
      18
      12
      19
       7
      13
      10
       7
      14
      12
      10
      10
      13
      16
      19
       6
      12
      13
      12
      18
       8
      12
      13
      13
      13
      13
      15
      15
      10
      11
      22
      12
      12
      15
      12
      10
      13
      13
      17
      17
      16
      16
      15
      28
      11
      15
      13
       8
       9
      14
      11
      15
      13
       9
      13
      15
      16
      14
      16
      20
      22
       9
      15
      16
      13
      13
      10
      17
      12
      14
      22
      12
      11
       9
      22
      15
      17
      12
      15
      14
      20
      21
      14
      11
      19
      12
       7
      14
      17
      13
      12
      14
      12
      15
      10
      20
      11
      10
      11
      12
      17
      15
       9
      20
      16
      11
      16
      20
       9
      11
      12
      18
      12
       8
      13
      10
      16
      11
      11
      17
      13
       8
       5
      10
      15
      14
       6
      11
      23
      18
      19
      16
      15
      10
      10
      11
      11
      16
      11
      15
       9
      15
       7
      11
      18
      14
      12
      13
      11
      11
      14
      24
      13
      14
      14
       7
      15
      12
       8
      12
       9
       9
       8
      18
      11
      20
      15
      10
      15
      10
      13
      12
      11
       7
      14
      11
      19
      14
      14
      11
      14
      15
      17
      15
       4
      13
      12
       9
      13
       6
      15
      17
       7
      13
       8
      10
       8
      13
      15
      12
      10
      12
      14
      11
      14
      10
      11
      14
      12
      11
      12
      11
      10
       9
      16
      14
      17
      15
      15
      13
      12
      12
      17
      13
      15
      13
      10
      16
      16
      10
      14
      10
       7
      12
      14
      14
      12
      10
      15
       7
      14
      15
      13
      13
      15
       6
      12
      13
      10
      14
       7
       8
      10
       7
       7
      14
      10
      10
      10
      11
       9
      14
      12
       9
      13
      12
      12
      16
      11
      14
      10
      13
      14
       8
      19
      16
      14
      11
       9
       8
      21
      14
      15
      13
      15
       9
      17
      12
      12
      18
      20
      21
      18
      10
      16
      12
      14
      17
      17
      14
      16
      20
      19
      10
      15
      13
       6
      12
      11
      14
      17
      11
      12
      10
      18
      12
      10
      11
      21
      15
      14
      12
      11
      11
      11
       7
      20
      16
       8
       8
      14
      17
      12
      14
       9
      13
      15
      19
      11
       6
      13
      10
      18
      12
      11
      11
      12
      19
       9
      12
      11
      12
       9
      19
      15
      12
       8
      17
      11
      13
      12
       5
      12
       7
      13
      13
      14
      17
      10
       5
       6
      14
       9
      14
      11
       8
      12
      10
      13
       7
      19
      12
       5
      17
       9
       7
      12
       8
       9
      14
      17
      10
      15
      11
      13
      11
       9
      14
      15
      20
      17
      16
      11
      12
      17
      15
      22
      20
      14
      13
      21
      13
      15
      18
       5
      11
      12
      12
      23
      13
      22
      13
      11
      13
      13
      19
      15
      14
       8
      11
      10
      12
      11
      10
      13
      12
       8
      17
      16
      11
      13
      17
      13
      11
      12
      14
      15
      15
      15
      17
      10
       7
       6
      16
      17
      13
      11
      10
       9
      12
      10
       8
       9
       9
       7
      12
       7
      15
       8
       6
      13
      11
      11
      10
      11
      14
      13
      15
       6
       9
      13
       9
       6
      13
       6
      11
       4
       7
      11
      11
      11
      13
       9
       8
      11
      14
      11
      13
       9
       7
      13
      16
      13
      13
      13
       7
       9
      11
      12
      10
      10
      13
      11
       8
      15
       8
      10
      11
      12
      10
      16
       8
      14
       9
       9
       9
       6
      13
      12
      10
       8
      10
       9
       7
      11
      11
      17
      13
      11
      13
      10
      13
       7
       9
      15
      12
      20
      12
      11
       9
      11
       9
       9
       8
      12
      16
      22
      11
      17
      20
      16
      28
      23
      14
      13
      19
      14
      14
       8
      21
      16
      11
      11
      13
      12
       6
       8
      15
       8
       9
       8
       8
      13
      16
      12
      11
      12
      12
      19
      12
      11
       9
      11
       8
      14
      13
      12
      10
       8
      12
      12
      12
      13
      17
      10
      11
       9
      18
      13
       8
      11
       8
       9
       9
       8
      12
      10
      18
      18
      12
      11
$ROI:
2
3937 4042
7053 7203
$PRESETS:
None
0
0
$ENER_FIT:
0.369260 0.365870
$MCA_CAL:
3
3.692600E-001 3.658700E-001 4.208100E-008 keV
$SHAPE_CAL:
3
3.291200E+000 7.847500E-004 -2.769900E-008
