$SPEC_ID:
No sample description was entered.
$SPEC_REM:
DET# 3
DETDESC# Mechanically Cooled
AP# GammaVision Version 6.09
$DATE_MEA:
04/04/2023 16:44:13
$MEAS_TIM:
252 265
$DATA:
0 8191
       0
       0
       0
       0
       0
       0
       0
       0
       0
       0
       0
       0
       0
       0
       0
       0
       0
       0
       1
       0
       0
       0
       0
       0
       0
       0
       0
       0
       0
       0
       0
       0
       0
       0
       1
       1
       1
       2
       0
       8
     139
     306
     289
     331
     282
     302
     327
     289
     276
     265
     290
     305
     289
     314
     304
     305
     292
     309
     289
     293
     303
     271
     260
     286
     278
     250
     264
     279
     264
     258
     240
     253
     269
     266
     274
     282
     259
     268
     240
     243
     249
     239
     249
     239
     226
     232
     242
     216
     230
     225
     243
     236
     226
     235
     205
     248
     234
     230
     224
     235
     248
     222
     224
     260
     227
     220
     211
     232
     231
     233
     231
     217
     217
     193
     208
     210
     211
     207
     200
     204
     198
     207
     213
     194
     201
     219
     192
     217
     202
     217
     201
     202
     172
     194
     205
     214
     201
     217
     217
     208
     231
     218
     214
     168
     209
     184
     208
     227
     212
     220
     208
     210
     214
     205
     247
     200
     210
     212
     208
     222
     221
     207
     207
     210
     231
     229
     216
     251
     200
     195
     207
     223
     226
     237
     242
     227
     220
     224
     232
     242
     216
     232
     241
     277
     277
     243
     321
     267
     277
     247
     270
     263
     248
     242
     246
     269
     296
     320
     290
     295
     319
     323
     322
     349
     347
     357
     340
     281
     280
     234
     262
     290
     292
     275
     272
     259
     275
     262
     277
     266
     288
     252
     253
     242
     263
     245
     261
     298
     309
     321
     321
     312
     301
     301
     286
     284
     288
     298
     308
     260
     297
     278
     294
     262
     275
     302
     261
     280
     278
     267
     307
     301
     317
     286
     273
     286
     252
     243
     285
     287
     281
     287
     266
     299
     281
     279
     294
     290
     277
     277
     270
     262
     286
     288
     234
     295
     308
     265
     282
     274
     321
     294
     286
     279
     285
     291
     276
     284
     286
     284
     290
     303
     286
     270
     301
     261
     276
     267
     290
     273
     290
     289
     265
     254
     271
     272
     304
     283
     258
     281
     220
     261
     255
     266
     270
     288
     281
     291
     273
     278
     272
     253
     258
     301
     251
     282
     267
     241
     325
     256
     262
     261
     274
     280
     263
     298
     275
     275
     291
     272
     243
     269
     269
     266
     260
     278
     265
     282
     272
     248
     274
     280
     255
     270
     254
     267
     278
     281
     278
     233
     274
     306
     260
     258
     254
     233
     249
     243
     252
     234
     290
     250
     257
     254
     278
     269
     278
     241
     260
     257
     269
     251
     242
     249
     259
     282
     245
     244
     280
     226
     262
     270
     308
     246
     261
     283
     263
     265
     249
     268
     245
     261
     250
     276
     276
     270
     284
     244
     263
     272
     249
     252
     257
     231
     255
     220
     241
     236
     243
     266
     255
     247
     256
     274
     231
     263
     261
     241
     231
     228
     245
     259
     277
     243
     244
     220
     246
     252
     258
     233
     239
     257
     256
     247
     233
     269
     223
     267
     224
     232
     241
     238
     234
     247
     237
     248
     235
     284
     243
     247
     224
     233
     221
     236
     240
     244
     222
     229
     238
     203
     227
     216
     216
     222
     225
     243
     212
     240
     219
     221
     220
     220
     220
     214
     213
     217
     225
     192
     241
     211
     264
     221
     230
     205
     230
     239
     206
     219
     213
     229
     238
     228
     213
     220
     223
     215
     256
     226
     205
     209
     189
     218
     206
     205
     228
     224
     183
     191
     262
     203
     225
     238
     214
     210
     208
     212
     205
     214
     199
     198
     190
     192
     218
     202
     197
     216
     204
     199
     192
     214
     208
     212
     202
     208
     205
     232
     230
     211
     197
     198
     219
     187
     204
     195
     231
     188
     193
     199
     200
     169
     179
     202
     183
     206
     188
     195
     206
     207
     170
     198
     189
     208
     216
     217
     212
     232
     221
     242
     235
     225
     241
     198
     213
     213
     217
     198
     216
     242
     243
     229
     220
     226
     233
     258
     247
     217
     233
     220
     242
     251
     261
     242
     226
     249
     234
     268
     235
     248
     214
     241
     221
     234
     259
     265
     218
     223
     232
     220
     242
     194
     225
     221
     213
     252
     228
     240
     243
     218
     216
     200
     218
     211
     241
     199
     233
     203
     220
     241
     214
     193
     250
     237
     229
     185
     213
     207
     218
     187
     227
     205
     243
     230
     240
     215
     204
     222
     208
     210
     206
     220
     192
     211
     220
     216
     180
     191
     216
     225
     217
     218
     209
     203
     224
     198
     216
     198
     187
     200
     198
     208
     200
     187
     183
     216
     196
     198
     190
     201
     208
     198
     201
     159
     187
     220
     180
     189
     162
     189
     202
     190
     181
     176
     184
     173
     171
     181
     184
     168
     185
     190
     166
     175
     164
     193
     176
     179
     170
     197
     155
     176
     181
     177
     163
     161
     176
     160
     192
     189
     205
     165
     182
     170
     162
     169
     180
     171
     161
     162
     160
     149
     175
     162
     162
     155
     179
     159
     180
     152
     177
     170
     163
     153
     146
     151
     156
     154
     170
     173
     154
     145
     172
     156
     161
     146
     157
     147
     154
     157
     145
     140
     156
     135
     139
     141
     141
     140
     142
     124
     149
     121
     113
     131
     129
     145
     167
     143
     135
     126
     132
     145
     139
     133
     141
     117
     136
     127
     120
     128
     130
     143
     136
     128
     124
     140
     137
     130
     149
     105
     123
     122
     112
     118
     131
     100
     103
     109
     119
     120
     119
     138
     116
     128
     120
     126
     114
     105
     110
     118
     120
     118
     118
     108
     105
     116
     114
     104
     111
      97
      97
      95
     100
      94
     101
      96
      91
     114
     122
      95
     100
     109
     100
      98
      97
      84
      97
      83
      97
      81
      94
      86
      85
      98
      91
      93
      76
      85
      72
      84
     101
      82
      96
      90
      86
      75
      74
      84
      78
      81
      87
      71
      93
      84
      78
      78
      79
      80
      97
      68
      71
      72
      93
      65
      77
      71
      78
      66
      82
      66
      73
      55
      79
      81
      86
      88
      79
      72
      65
      71
      80
      80
      79
      80
      63
      87
      68
      78
      67
      64
      79
      60
      78
      78
      59
      85
      65
      73
      67
      76
      63
      62
      67
      75
      58
      68
      65
      63
      71
      72
      65
      71
      58
      66
      63
      69
      65
      76
      57
      66
      59
      73
      77
      62
      56
      61
      70
      68
      52
      68
      57
      65
      83
      66
      73
      66
      72
      65
      64
      67
      79
      68
      71
      61
      63
      66
      63
      66
      53
      54
      66
      49
      56
      67
      69
      75
      58
      67
      53
      59
      65
      47
      54
      53
      60
      67
      55
      58
      56
      74
      58
      60
      56
      64
      71
      59
      57
      70
      62
      55
      72
      67
      68
      41
      64
      68
      60
      56
      49
      57
      54
      52
      48
      61
      62
      58
      61
      51
      48
      47
      65
      55
      63
      60
      53
      79
      59
      64
      41
      55
      43
      63
      41
      56
      62
      44
      55
      63
      61
      59
      61
      46
      61
      59
      56
      46
      61
      38
      50
      50
      59
      52
      50
      71
      52
      64
      62
      61
      48
      61
      54
      54
      63
      62
      62
      50
      60
      64
      57
      51
      45
      52
      54
      60
      47
      54
      55
      54
      63
      37
      42
      67
      51
      61
      48
      45
      45
      61
      57
      37
      65
      50
      53
      62
      45
      49
      46
      48
      43
      51
      55
      63
      69
      68
      46
      66
      52
      61
      48
      48
      58
      61
      54
      46
      48
      49
      53
      45
      55
      59
      44
      47
      55
      55
      55
      39
      61
      61
      60
      60
      61
      57
      41
      41
      46
      69
      54
      47
      53
      49
      52
      40
      63
      42
      54
      34
      55
      43
      50
      63
      39
      57
      74
      58
      56
      55
      54
      43
      60
      45
      42
      51
      41
      49
      53
      53
      46
      47
      54
      55
      50
      42
      49
      51
      51
      53
      45
      43
      41
      53
      47
      44
      69
      52
      50
      63
      48
      52
      52
      54
      51
      55
      54
      51
      58
      52
      57
      51
      49
      48
      50
      51
      55
      41
      60
      46
      43
      45
      49
      46
      60
      53
      51
      61
      54
      43
      62
      58
      52
      47
      47
      45
      56
      49
      53
      38
      59
      42
      46
      60
      53
      52
      53
      54
      40
      60
      63
      77
      54
      56
      50
      49
      45
      51
      48
      53
      46
      47
      41
      53
      51
      65
      59
      51
      48
      45
      48
      52
      66
      53
      48
      51
      49
      49
      51
      49
      55
      48
      44
      47
      48
      53
      52
      43
      45
      45
      61
      41
      35
      62
      50
      53
      52
      48
      49
      55
      53
      38
      43
      58
      44
      62
      62
      44
      45
      44
      48
      38
      49
      56
      49
      47
      42
      57
      61
      56
      42
      63
      49
      48
      52
      50
      68
      40
      38
      56
      35
      45
      47
      51
      43
      42
      50
      50
      57
      56
      57
      29
      53
      49
      35
      38
      33
      49
      48
      73
      61
      58
      55
      66
      68
      42
      52
      51
      45
      44
      61
      65
      58
      57
      61
      44
      46
      49
      43
      51
      46
      50
      49
      45
      54
      52
      57
      52
      50
      61
      35
      50
      31
      48
      63
      53
      53
      42
      53
      63
      47
      42
      49
      42
      51
      49
      49
      47
      61
      55
      56
      69
      57
      65
      66
      61
      46
      38
      52
      61
      46
      52
      42
      44
      63
      42
      39
      47
      37
      49
      50
      48
      55
      40
      64
      46
      59
      50
      37
      39
      47
      53
      69
      48
      45
      54
      48
      47
      51
      59
      51
      41
      44
      55
      46
      41
      49
      50
      44
      49
      47
      49
      55
      47
      35
      50
      49
      60
      40
      46
      43
      46
      45
      38
      61
      55
      53
      54
      43
      42
      50
      49
      70
      45
      40
      46
      51
      58
      44
      34
      53
      55
      40
      45
      43
      53
      46
      47
      49
      55
      45
      41
      47
      60
      66
      42
      63
      36
      47
      37
      58
      48
      56
      53
      40
      47
      40
      35
      37
      49
      34
      46
      47
      53
      57
      44
      43
      45
      32
      47
      62
      65
      44
      39
      50
      53
      45
      43
      38
      38
      51
      46
      51
      41
      59
      40
      50
      48
      60
      48
      45
      50
      46
      41
      42
      41
      47
      37
      47
      47
      44
      55
      37
      48
      51
      48
      40
      38
      42
      43
      54
      48
      49
      52
      64
      52
      56
      38
      47
      48
      53
      56
      47
      59
      51
      49
      48
      34
      44
      46
      54
      55
      44
      63
      49
      40
      58
      42
      53
      35
      51
      47
      58
      49
      51
      42
      52
      61
      41
      47
      59
      54
      54
      57
      53
      48
      49
      39
      46
      50
      42
      57
      46
      43
      46
      38
      37
      48
      35
      45
      49
      54
      49
      61
      50
      36
      45
      43
      58
      55
      50
      57
      40
      47
      41
      50
      50
      50
      57
      42
      52
      57
      50
      47
      48
      51
      50
      52
      29
      56
      49
      46
      45
      50
      53
      40
      50
      63
      40
      62
      48
      47
      43
      46
      58
      46
      47
      46
      51
      62
      61
      67
      64
      58
      42
      46
      52
      53
      58
      52
      41
      69
      38
      65
      42
      39
      40
      62
      31
      54
      42
      38
      64
      41
      56
      42
      58
      45
      45
      45
      49
      42
      51
      48
      40
      56
      55
      55
      36
      58
      43
      45
      59
      48
      51
      35
      37
      61
      40
      49
      37
      47
      60
      55
      43
      47
      55
      48
      40
      38
      54
      58
      60
      57
      59
      44
      45
      53
      43
      53
      52
      61
      57
      61
      53
      58
      53
      47
      49
      44
      55
      47
      50
      39
      61
      42
      61
      47
      44
      56
      56
      34
      44
      57
      49
      46
      53
      43
      44
      51
      55
      59
      46
      44
      45
      47
      52
      49
      45
      40
      44
      53
      34
      43
      51
      49
      34
      41
      56
      52
      48
      48
      50
      42
      40
      46
      44
      42
      45
      48
      52
      59
      49
      46
      55
      49
      51
      44
      40
      35
      53
      42
      44
      38
      50
      50
      47
      61
      52
      48
      48
      35
      38
      45
      46
      40
      53
      61
      50
      55
      53
      50
      59
      39
      67
      55
      53
      50
      61
      43
      52
      52
      47
      48
      48
      39
      47
      50
      44
      53
      53
      44
      46
      51
      65
      48
      57
      54
      42
      54
      48
      61
      42
      46
      43
      44
      48
      45
      55
      58
      50
      58
      43
      54
      55
      55
      56
      45
      51
      54
      57
      50
      38
      40
      59
      58
      53
      51
      55
      39
      40
      44
      45
      54
      44
      53
      48
      41
      52
      48
      55
      63
      44
      57
      59
      57
      40
      65
      52
      58
      42
      58
      56
      50
      56
      46
      55
      36
      58
      51
      39
      46
      50
      55
      58
      66
      45
      52
      48
      57
      43
      45
      57
      49
      53
      60
      46
      49
      51
      53
      55
      67
      48
      40
      52
      57
      41
      44
      48
      44
      51
      54
      54
      60
      37
      52
      46
      47
      48
      53
      52
      49
      49
      52
      60
      46
      50
      55
      59
      56
      52
      46
      43
      49
      50
      44
      54
      58
      56
      51
      58
      49
      44
      56
      53
      45
      65
      59
      46
      42
      54
      69
      49
      54
      58
      61
      44
      47
      45
      59
      49
      45
      63
      47
      55
      56
      44
      43
      48
      56
      53
      51
      60
      52
      51
      50
      40
      57
      58
      63
      50
      48
      59
      56
      55
      54
      57
      44
      62
      48
      59
      48
      48
      42
      52
      57
      66
      58
      39
      48
      48
      56
      51
      40
      50
      49
      54
      79
      48
      48
      58
      53
      59
      43
      58
      54
      47
      60
      49
      48
      57
      59
      47
      44
      59
      55
      50
      56
      59
      57
      59
      55
      61
      47
      67
      52
      50
      58
      52
      51
      45
      58
      51
      56
      65
      60
      52
      51
      54
      44
      43
      65
      56
      68
      53
      43
      52
      63
      66
      58
      53
      50
      55
      52
      61
      50
      49
      46
      51
      53
      49
      56
      42
      53
      61
      59
      53
      57
      41
      61
      56
      47
      48
      59
      47
      71
      62
      47
      39
      62
      63
      49
      39
      51
      67
      58
      54
      47
      44
      51
      41
      48
      59
      59
      56
      43
      59
      54
      63
      52
      49
      59
      44
      56
      57
      63
      78
      54
      54
      64
      50
      49
      43
      59
      47
      62
      58
      62
      51
      48
      66
      41
      58
      51
      68
      51
      60
      71
      47
      55
      61
      57
      55
      53
      54
      60
      49
      60
      47
      50
      61
      67
      64
      61
      55
      49
      35
      64
      45
      65
      58
      63
      60
      58
      60
      54
      59
      42
      60
      61
      58
      64
      53
      66
      64
      49
      66
      67
      53
      48
      69
      54
      53
      62
      57
      54
      53
      61
      50
      74
      59
      54
      64
      51
      55
      53
      60
      58
      60
      47
      55
      48
      63
      46
      58
      58
      75
      59
      60
      67
      66
      56
      75
      51
      67
      60
      74
      61
      50
      54
      64
      49
      67
      47
      62
      48
      57
      44
      57
      62
      59
      60
      55
      64
      63
      56
      61
      65
      59
      55
      59
      74
      53
      43
      56
      58
      54
      60
      65
      65
      64
      59
      60
      52
      69
      67
      50
      67
      70
      57
      65
      54
      67
      70
      54
      76
      72
      58
      57
      67
      69
      52
      53
      54
      61
      61
      54
      70
      67
      64
      61
      54
      66
      58
      53
      58
      58
      61
      63
      57
      43
      66
      65
      52
      74
      49
      62
      76
      52
      53
      65
      61
      62
      61
      59
      63
      70
      56
      71
      65
      50
      78
      61
      72
      76
      62
      89
      62
      60
      64
      75
      74
      65
      62
      67
      65
      62
      71
      60
      57
      69
      61
      58
      58
      80
      74
      64
      69
      71
      84
      67
      65
      59
      58
      67
      46
      71
      58
      59
      59
      65
      59
      75
      69
      57
      71
      65
      77
      85
      72
      78
      70
      57
      57
      87
      67
      70
      68
      72
      61
      64
      51
      78
      53
      64
      59
      74
      77
      62
      72
      71
      54
      71
      67
      66
      78
      66
      69
      79
      66
      50
      83
      74
      70
      71
      65
      73
      73
      68
      59
      72
      65
      69
      63
      66
      56
      79
      73
      63
      73
      78
      56
      61
      74
      67
      83
      72
      82
      72
      78
      69
      84
      85
      76
      88
      99
      83
      69
      69
      70
      75
      89
      84
      74
      82
      80
      77
      87
      69
      78
      67
      80
      70
      76
      74
      75
      76
      63
      73
      76
      96
      85
      85
      73
      67
      78
      71
      86
      86
      83
      74
      70
      84
      79
      73
      73
      69
      94
      94
      83
      73
      74
      88
      79
      88
      96
      76
      89
      72
      77
      78
      74
      77
      79
      85
      80
      77
      64
      87
      98
      83
      90
      78
      84
      77
      75
      76
      82
      76
      80
      82
      85
      90
      70
      84
      79
      75
      70
      85
      85
      73
      88
      90
      91
      89
      83
      84
      92
      86
      89
      73
      83
      99
      84
      96
      66
      88
      72
      67
      98
      98
      84
      94
      74
      84
      89
      75
      77
     101
      84
      85
      93
      76
      80
      84
      83
      91
     107
      92
      68
      86
      86
      82
      90
      92
      90
      83
      89
      92
      88
      92
      79
      69
      86
      91
     101
      93
     109
      82
      97
      88
      84
      76
      79
     101
      77
      87
      90
      93
      86
      99
      91
      79
      97
      83
      88
      75
      80
      86
      80
      83
      90
      85
      79
      84
      79
      89
      62
      95
      87
      56
      77
      75
      95
      60
      81
      88
      78
      71
      67
      80
      77
      75
      74
      65
      63
      70
      62
      76
      76
      57
      79
      66
      68
      73
      73
      61
      72
      72
      62
      69
      64
      73
      56
      66
      59
      64
      60
      68
      72
      78
      56
      68
      76
      52
      60
      66
      58
      71
      59
      68
      63
      75
      69
      69
      62
      62
      73
      69
      75
      50
      73
      62
      60
      64
      66
      66
      69
      66
      54
      59
      78
      73
      68
      60
      60
      59
      71
      61
      69
      72
      48
      68
      77
      75
      75
      60
      72
      69
      57
      71
      61
      58
      64
      55
      60
      75
      61
      59
      58
      59
      70
      65
      56
      69
      55
      61
      56
      69
      61
      67
      57
      60
      61
      73
      62
      70
      63
      53
      66
      60
      57
      53
      65
      67
      52
      84
      65
      57
      72
      57
      59
      75
      69
      48
      56
      56
      47
      66
      74
      66
      75
      66
      58
      54
      61
      67
      64
      51
      69
      50
      53
      64
      61
      61
      65
      57
      51
      54
      56
      48
      52
      61
      63
      51
      52
      56
      65
      67
      62
      60
      58
      63
      60
      59
      56
      67
      44
      60
      45
      61
      54
      51
      60
      40
      59
      57
      57
      54
      68
      56
      67
      48
      53
      58
      54
      55
      73
      51
      60
      54
      57
      43
      64
      46
      53
      72
      64
      63
      57
      63
      70
      53
      67
      53
      61
      58
      77
      63
      50
      51
      51
      61
      66
      49
      58
      53
      59
      51
      55
      51
      66
      37
      41
      61
      51
      67
      54
      53
      51
      73
      65
      45
      51
      58
      66
      37
      48
      60
      55
      64
      53
      59
      42
      59
      46
      60
      56
      47
      62
      34
      53
      69
      52
      70
      56
      39
      57
      57
      79
      51
      48
      68
      72
      77
      54
      59
      68
      54
      69
      59
      62
      47
      52
      56
      67
      54
      60
      51
      50
      58
      62
      57
      67
      59
      67
      48
      64
      50
      73
      65
      64
      65
      42
      62
      65
      50
      53
      55
      59
      55
      55
      58
      46
      63
      56
      45
      48
      49
      61
      50
      50
      55
      47
      60
      64
      55
      61
      54
      50
      65
      54
      52
      56
      65
      50
      64
      66
      59
      52
      48
      61
      59
      57
      50
      46
      52
      61
      45
      63
      64
      68
      55
      70
      57
      62
      61
      43
      58
      55
      67
      73
      50
      59
      59
      54
      71
      58
      54
      49
      67
      79
      55
      55
      67
      72
      67
      65
      75
      55
      62
      59
      55
      57
      65
      67
      65
      58
      69
      66
      62
      63
      60
      59
      56
      58
      61
      61
      57
      54
      75
      65
      52
      50
      71
      67
      59
      62
      73
      58
      68
      57
      45
      60
      46
      61
      66
      43
      65
      40
      69
      53
      44
      54
      50
      47
      57
      48
      51
      52
      50
      26
      49
      59
      47
      34
      35
      47
      46
      43
      41
      45
      53
      38
      38
      25
      41
      32
      41
      32
      39
      38
      42
      45
      29
      32
      45
      42
      31
      39
      48
      37
      40
      38
      39
      36
      33
      44
      35
      33
      40
      34
      40
      31
      35
      36
      39
      39
      37
      24
      47
      35
      38
      34
      32
      32
      27
      33
      26
      32
      28
      29
      31
      39
      37
      36
      42
      39
      33
      38
      29
      31
      35
      35
      41
      31
      33
      35
      42
      40
      29
      26
      37
      28
      32
      37
      40
      24
      33
      37
      31
      33
      25
      30
      20
      33
      30
      36
      46
      29
      36
      39
      31
      39
      35
      41
      33
      38
      39
      34
      47
      30
      37
      28
      30
      34
      38
      36
      40
      36
      28
      39
      54
      48
      44
      43
      40
      56
      65
      51
      81
      84
     135
     240
     327
     513
     778
    1178
    1620
    2045
    2527
    2794
    2674
    2357
    1944
    1250
     795
     451
     275
     124
      48
      52
      32
      35
      22
      15
      22
      17
      22
      19
      25
      20
      20
      25
      20
      26
      22
      19
      16
      22
      13
      31
      30
      27
      21
      21
      19
      27
      26
      17
      15
      14
      19
      11
      21
      20
      17
      23
      28
      22
      20
      25
      12
      19
      25
      25
      13
      18
      16
      18
      12
       8
      15
      18
      13
      12
      17
      20
      19
      24
      13
      16
      17
      16
      16
      22
      15
      22
      14
      14
      12
      12
      19
      15
      11
       7
      23
      18
       9
      18
      18
      19
      14
      14
      18
      16
      19
      14
      20
      13
      12
      12
      13
       8
      13
       8
      22
      11
       6
      12
      18
      14
      10
      10
      15
      15
      16
      16
      11
      15
      22
      13
      10
      14
       9
       8
       5
      15
      17
      13
      15
       6
      11
       8
      10
       7
      14
      17
      21
       9
      14
      10
       8
      11
      18
      10
       9
      14
       8
      11
      14
       8
      11
      13
      12
      13
      14
      16
      15
      18
      12
      12
       7
      10
       9
       5
       6
       8
      15
      16
      13
      13
       7
       8
       9
       8
      17
       8
      11
      11
       7
      16
      11
       9
       9
      10
      12
       9
       9
       8
      13
       7
       6
      11
       7
       5
      10
      13
      11
       7
      12
       6
       9
       8
       5
      10
       4
      12
      11
       8
       7
       7
       8
       5
       6
      10
      10
       2
      10
       8
       6
       9
      16
       9
      10
       8
       5
      14
       6
       7
       7
       7
      13
       6
      10
       7
       9
       6
       6
       4
       7
       7
       3
       6
       8
       7
       7
       6
       6
       5
       9
       4
      15
      11
       4
       8
       9
       9
       9
       3
      14
      13
       6
      13
       9
       5
       5
       6
      10
      10
       6
      10
      12
       6
      11
       9
       7
       7
       7
       5
       3
       6
       4
       7
       6
       9
       6
       7
       9
       7
       8
      11
       6
       7
       2
       7
       9
       2
      11
       7
       8
       5
       7
       6
       8
       8
       5
      13
       7
       4
       1
       9
       5
       7
       7
       5
       7
       9
       7
       9
       6
       2
       7
       6
       9
       6
       3
       6
       9
       2
       8
       7
      12
       5
       8
       6
       5
       6
       7
       5
       8
       5
       5
       6
       9
       9
       5
       4
       3
      10
       6
       6
       2
       5
       6
       7
       3
       5
      10
       7
       6
       3
       1
      12
       3
       7
       7
       9
       8
       8
       4
       8
       5
       7
       6
       7
       4
       7
       7
       6
       9
      15
       5
       9
      11
       8
       8
       8
       5
       6
       8
       5
       8
       9
       6
       9
      11
       7
       8
       6
      13
       6
      10
       8
       8
       8
       6
      11
      10
      15
       8
      10
       7
      15
      13
      12
      17
      18
      22
      20
      17
      30
      34
      34
      35
      64
      82
     132
     204
     337
     484
     744
    1023
    1468
    1845
    2246
    2378
    2307
    2041
    1638
    1263
     795
     503
     273
     122
      54
      25
      10
       4
       3
       3
       1
       4
       2
       0
       1
       0
       1
       2
       1
       0
       0
       1
       2
       0
       1
       1
       2
       2
       0
       1
       1
       0
       1
       1
       1
       0
       1
       0
       0
       1
       1
       1
       1
       0
       1
       0
       2
       0
       0
       3
       0
       0
       0
       2
       2
       0
       1
       0
       0
       1
       4
       0
       0
       0
       4
       1
       0
       1
       1
       0
       0
       0
       0
       1
       2
       0
       1
       0
       0
       0
       1
       1
       2
       1
       0
       0
       1
       1
       1
       5
       1
       1
       0
       2
       1
       1
       1
       0
       0
       0
       0
       1
       0
       0
       0
       0
       0
       0
       1
       1
       1
       0
       1
       1
       1
       2
       0
       1
       0
       0
       3
       1
       1
       0
       1
       0
       1
       2
       1
       2
       0
       0
       0
       0
       0
       0
       0
       0
       0
       2
       0
       3
       0
       1
       3
       0
       4
       1
       0
       1
       0
       0
       0
       0
       0
       1
       0
       1
       1
       1
       2
       3
       1
       0
       1
       2
       2
       0
       0
       1
       0
       2
       0
       1
       0
       0
       0
       0
       2
       1
       1
       1
       0
       0
       0
       2
       1
       1
       0
       1
       0
       0
       1
       2
       0
       0
       0
       0
       0
       1
       1
       1
       1
       2
       1
       1
       2
       0
       0
       0
       3
       2
       0
       0
       0
       1
       0
       0
       2
       0
       1
       1
       0
       0
       0
       1
       1
       1
       0
       0
       0
       0
       0
       0
       0
       0
       1
       1
       1
       1
       1
       0
       0
       0
       2
       3
       0
       0
       0
       1
       0
       0
       2
       0
       0
       1
       0
       1
       1
       1
       0
       0
       0
       0
       1
       2
       0
       1
       1
       0
       3
       1
       0
       0
       2
       1
       3
       2
       2
       0
       0
       2
       0
       3
       0
       0
       2
       3
       1
       1
       1
       0
       1
       0
       3
       3
       1
       1
       2
       0
       0
       0
       0
       0
       0
       1
       1
       0
       3
       0
       1
       2
       0
       0
       1
       0
       0
       1
       1
       0
       1
       0
       1
       2
       0
       0
       0
       1
       2
       0
       2
       0
       3
       0
       2
       1
       0
       2
       4
       5
       9
      21
      13
      31
      21
      23
      33
      23
      26
      23
      17
      12
       6
       4
       4
       0
       0
       0
       1
       0
       0
       0
       2
       1
       2
       0
       0
       0
       0
       2
       0
       0
       0
       1
       0
       1
       0
       0
       0
       0
       0
       0
       0
       1
       0
       1
       0
       0
       0
       0
       1
       1
       0
       0
       0
       1
       0
       1
       0
       0
       3
       0
       0
       0
       0
       1
       0
       0
       0
       0
       1
       0
       0
       0
       0
       0
       0
       2
       0
       0
       2
       0
       0
       0
       0
       0
       0
       0
       1
       1
       0
       0
       0
       0
       0
       0
       1
       1
       0
       0
       0
       0
       0
       1
       1
       0
       2
       0
       0
       0
       0
       0
       1
       2
       1
       1
       1
       1
       1
       2
       1
       2
       0
       0
       2
       0
       1
       1
       1
       0
       0
       0
       0
       0
       0
       3
       0
       0
       1
       0
       1
       0
       0
       0
       0
       0
       0
       1
       0
       1
       0
       0
       0
       2
       0
       1
       0
       0
       0
       0
       0
       2
       1
       0
       1
       0
       0
       0
       1
       0
       3
       0
       0
       0
       2
       1
       0
       0
       0
       0
       0
       0
       0
       2
       2
       1
       0
       1
       0
       0
       0
       0
       0
       0
       0
       1
       0
       0
       0
       0
       2
       1
       0
       0
       0
       1
       1
       0
       0
       0
       0
       0
       0
       1
       0
       1
       0
       0
       0
       1
       1
       2
       0
       0
       0
       0
       0
       0
       0
       0
       0
       0
       0
       0
       1
       0
       0
       0
       0
       0
       0
       0
       0
       0
       0
       1
       0
       0
       0
       0
       1
       0
       1
       0
       0
       1
       0
       2
       1
       0
       0
       1
       0
       1
       0
       1
       1
       0
       0
       1
       0
       0
       0
       0
       0
       0
       0
       0
       0
       1
       1
       1
       1
       1
       0
       1
       0
       0
       0
       0
       0
       0
       0
       0
       1
       1
       0
       0
       0
       0
       1
       0
       0
       0
       0
       1
       0
       0
       0
       0
       0
       1
       0
       0
       1
       2
       0
       1
       1
       0
       0
       0
       1
       0
       0
       0
       0
       1
       1
       0
       0
       1
       0
       0
       0
       0
       1
       0
       1
       0
       1
       0
       0
       1
       0
       0
       0
       0
       0
       0
       1
       2
       1
       1
       1
       2
       2
       1
       1
       2
       1
       0
       1
       1
       1
       0
       2
       0
       1
       0
       0
       0
       0
       0
       0
       2
       0
       0
       0
       0
       0
       0
       0
       1
       0
       1
       0
       0
       1
       0
       0
       0
       0
       0
       0
       0
       0
       0
       0
       1
       0
       1
       0
       0
       0
       0
       1
       0
       0
       0
       0
       0
       0
       0
       0
       0
       1
       0
       0
       1
       0
       0
       0
       0
       1
       0
       0
       1
       0
       0
       1
       0
       0
       1
       1
       0
       0
       0
       0
       0
       0
       1
       0
       1
       1
       0
       0
       0
       0
       0
       0
       0
       0
       0
       0
       0
       0
       0
       0
       0
       0
       1
       0
       0
       1
       0
       0
       0
       0
       0
       0
       0
       0
       1
       0
       1
       0
       1
       0
       0
       1
       0
       1
       0
       1
       2
       0
       0
       1
       0
       0
       0
       0
       0
       0
       0
       1
       1
       0
       0
       0
       0
       1
       1
       2
       1
       0
       0
       0
       1
       0
       0
       0
       0
       1
       0
       0
       0
       0
       1
       0
       0
       0
       0
       0
       0
       0
       1
       0
       0
       1
       0
       1
       0
       2
       0
       0
       0
       0
       1
       0
       0
       0
       0
       0
       0
       0
       2
       0
       0
       0
       0
       0
       0
       0
       0
       0
       0
       0
       0
       0
       0
       0
       0
       0
       0
       1
       0
       1
       0
       0
       0
       0
       0
       0
       1
       0
       0
       0
       0
       0
       0
       0
       0
       0
       0
       0
       0
       0
       0
       0
       0
       0
       1
       0
       0
       0
       0
       0
       0
       1
       0
       0
       0
       0
       1
       0
       1
       0
       0
       2
       1
       0
       0
       0
       1
       0
       0
       0
       0
       1
       0
       0
       0
       0
       0
       0
       0
       0
       0
       0
       0
       0
       0
       0
       0
       0
       0
       0
       0
       0
       1
       1
       0
       0
       1
       1
       0
       0
       1
       1
       0
       0
       0
       0
       0
       0
       0
       0
       0
       0
       0
       0
       0
       0
       0
       0
       0
       1
       0
       1
       0
       0
       0
       0
       1
       0
       0
       0
       0
       0
       0
       0
       0
       1
       0
       0
       0
       0
       0
       0
       0
       0
       0
       0
       0
       0
       0
       0
       1
       0
       0
       0
       0
       0
       0
       0
       0
       0
       0
       1
       0
       0
       0
       0
       0
       0
       0
       0
       0
       0
       0
       1
       0
       0
       0
       1
       0
       0
       0
       0
       0
       0
       1
       0
       2
       0
       0
       4
       0
       0
       2
       0
       0
       0
       0
       0
       0
       0
       0
       0
       1
       0
       0
       0
       0
       0
       0
       1
       0
       0
       0
       0
       0
       1
       0
       0
       0
       0
       0
       0
       0
       0
       0
       0
       0
       0
       0
       0
       1
       0
       0
       0
       0
       1
       1
       0
       1
       0
       0
       0
       0
       0
       0
       0
       0
       0
       0
       0
       0
       0
       0
       0
       0
       0
       0
       1
       0
       0
       0
       0
       0
       0
       0
       1
       0
       0
       0
       1
       0
       0
       1
       0
       0
       1
       0
       1
       0
       0
       2
       2
       2
       2
       2
       3
       5
       4
       0
       3
       2
       1
       0
       3
       1
       1
       0
       2
       0
       0
       0
       0
       0
       0
       0
       0
       0
       0
       1
       0
       0
       0
       0
       0
       0
       0
       1
       0
       0
       1
       0
       0
       0
       0
       0
       0
       0
       0
       0
       0
       0
       0
       0
       1
       0
       0
       0
       0
       0
       0
       0
       0
       0
       0
       0
       0
       0
       0
       0
       0
       0
       0
       1
       0
       0
       0
       0
       0
       0
       0
       0
       0
       1
       1
       0
       0
       0
       1
       0
       0
       0
       0
       0
       1
       0
       0
       2
       0
       0
       0
       1
       0
       0
       2
       1
       1
       1
       1
       0
       0
       0
       0
       0
       0
       0
       0
       0
       0
       0
       0
       0
       1
       0
       0
       1
       0
       0
       0
       0
       0
       0
       1
       1
       0
       0
       0
       0
       0
       0
       0
       0
       0
       0
       1
       0
       0
       1
       0
       1
       0
       0
       1
       0
       0
       0
       0
       0
       0
       0
       0
       1
       0
       0
       0
       1
       1
       1
       1
       0
       0
       0
       0
       1
       0
       1
       0
       0
       1
       1
       0
       0
       0
       0
       0
       0
       0
       0
       0
       0
       1
       0
       0
       0
       0
       0
       0
       0
       0
       0
       1
       0
       0
       0
       0
       1
       1
       0
       0
       0
       0
       0
       0
       0
       0
       0
       0
       0
       0
       0
       0
       0
       0
       0
       1
       0
       0
       1
       0
       0
       0
       1
       1
       0
       2
       0
       0
       0
       1
       0
       0
       0
       0
       0
       0
       0
       0
       0
       0
       0
       1
       0
       0
       0
       0
       1
       0
       0
       0
       1
       0
       0
       1
       0
       0
       0
       0
       0
       0
       1
       1
       0
       0
       0
       0
       0
       0
       0
       0
       0
       1
       1
       0
       0
       0
       0
       0
       0
       0
       0
       2
       0
       0
       0
       0
       0
       0
       0
       0
       1
       0
       0
       0
       0
       1
       0
       0
       1
       0
       0
       0
       0
       0
       0
       1
       0
       0
       0
       0
       0
       0
       0
       1
       1
       0
       0
       0
       0
       0
       0
       0
       1
       0
       0
       1
       0
       1
       0
       0
       0
       0
       0
       1
       0
       2
       0
       0
       1
       0
       0
       0
       0
       0
       1
       0
       0
       0
       1
       0
       0
       0
       1
       0
       1
       2
       0
       0
       0
       1
       0
       0
       0
       0
       0
       0
       2
       0
       0
       0
       0
       0
       1
       0
       1
       0
       0
       4
       1
       0
       0
       0
       0
       0
       0
       0
       0
       0
       0
       0
       0
       0
       0
       0
       0
       0
       0
       0
       1
       0
       0
       1
       0
       0
       0
       0
       0
       0
       0
       0
       0
       1
       0
       0
       0
       0
       0
       0
       0
       0
       0
       0
       1
       0
       0
       0
       0
       1
       0
       0
       0
       0
       0
       0
       0
       0
       0
       0
       0
       1
       0
       0
       0
       0
       1
       0
       0
       0
       2
       0
       0
       0
       0
       1
       0
       0
       0
       0
       1
       0
       1
       1
       0
       0
       0
       0
       0
       0
       1
       0
       0
       1
       1
       0
       1
       0
       1
       0
       1
       1
       1
       0
       0
       0
       0
       1
       0
       0
       0
       0
       0
       0
       0
       0
       1
       0
       0
       0
       0
       0
       1
       1
       0
       0
       0
       0
       0
       0
       1
       1
       0
       0
       0
       0
       0
       0
       0
       0
       0
       0
       0
       0
       0
       1
       1
       0
       0
       1
       0
       0
       0
       0
       0
       0
       2
       0
       0
       1
       0
       0
       0
       0
       0
       1
       0
       0
       0
       1
       0
       0
       0
       0
       0
       0
       0
       0
       0
       0
       0
       0
       0
       0
       0
       1
       0
       1
       0
       1
       0
       2
       0
       0
       1
       0
       0
       0
       0
       0
       0
       0
       0
       0
       0
       0
       0
       1
       0
       0
       0
       1
       0
       0
       0
       0
       0
       0
       1
       0
       1
       0
       1
       0
       0
       0
       0
       0
       0
       0
       0
       0
       0
       0
       0
       0
       1
       0
       1
       0
       0
       0
       0
       0
       0
       0
       0
       0
       2
       0
       0
       1
       0
       0
       0
       0
       0
       0
       0
       0
       0
       1
       0
       0
       0
       0
       0
       1
       0
       0
       0
       1
       0
       0
       1
       0
       0
       0
       0
       1
       0
       0
       0
       0
       0
       0
       0
       0
       1
       0
       0
       0
       0
       1
       0
       0
       1
       0
       1
       0
       0
       0
       0
       1
       0
       0
       0
       1
       0
       0
       0
       0
       1
       0
       0
       0
       0
       0
       0
       0
       0
       1
       0
       0
       0
       0
       0
       0
       0
       1
       0
       0
       1
       0
       0
       0
       1
       0
       0
       0
       0
       0
       0
       1
       0
       0
       0
       0
       0
       0
       0
       1
       1
       0
       0
       0
       0
       0
       0
       0
       0
       0
       0
       1
       0
       0
       0
       0
       0
       0
       0
       0
       0
       0
       0
       0
       0
       0
       0
       0
       0
       1
       0
       0
       1
       0
       0
       0
       0
       0
       0
       0
       0
       0
       0
       0
       0
       0
       0
       0
       0
       0
       0
       0
       0
       0
       0
       0
       1
       0
       0
       0
       0
       0
       0
       1
       0
       0
       0
       0
       0
       0
       1
       0
       0
       0
       1
       0
       0
       0
       0
       0
       1
       0
       0
       0
       0
       0
       0
       0
       1
       0
       0
       0
       0
       1
       0
       0
       0
       0
       1
       2
       1
       0
       0
       0
       0
       0
       0
       0
       1
       1
       0
       0
       0
       1
       0
       0
       1
       1
       0
       1
       0
       0
       0
       0
       0
       2
       0
       0
       0
       0
       0
       0
       0
       0
       0
       0
       0
       1
       0
       0
       0
       0
       1
       0
       0
       0
       0
       0
       0
       0
       0
       0
       0
       0
       0
       0
       0
       0
       0
       0
       0
       0
       1
       0
       0
       1
       0
       0
       0
       0
       0
       0
       0
       0
       0
       1
       1
       0
       0
       0
       0
       1
       1
       0
       0
       1
       0
       1
       0
       0
       1
       0
       0
       1
       0
       1
       0
       0
       1
       1
       0
       0
       1
       0
       0
       1
       1
       0
       0
       0
       0
       0
       0
       0
       0
       0
       0
       0
       0
       0
       0
       0
       0
       0
       0
       0
       0
       0
       1
       1
       0
       0
       0
       0
       0
       0
       0
       1
       0
       0
       0
       0
       1
       0
       0
       0
       0
       0
       0
       0
       0
       1
       0
       0
       0
       0
       0
       0
       0
       0
       0
       0
       1
       1
       0
       0
       0
       1
       0
       0
       0
       0
       0
       0
       0
       0
       0
       0
       0
       0
       0
       0
       0
       0
       0
       0
       1
       0
       0
       0
       1
       0
       0
       0
       0
       0
       0
       0
       0
       0
       0
       0
       0
       0
       0
       0
       0
       1
       1
       0
       0
       0
       0
       0
       0
       0
       0
       0
       0
       0
       0
       0
       0
       2
       0
       0
       1
       0
       0
       0
       0
       0
       2
       0
       0
       0
       0
       1
       0
       0
       0
       0
       0
       0
       0
       1
       0
       0
       0
       1
       0
       0
       0
       0
       0
       0
       0
       0
       0
       0
       1
       0
       0
       1
       2
       0
       0
       0
       1
       0
       0
       2
       0
       1
       0
       0
       0
       0
       0
       0
       0
       0
       0
       1
       0
       0
       1
       0
       0
       0
       0
       1
       0
       0
       1
       0
       0
       0
       1
       0
       0
       0
       2
       1
       0
       1
       0
       0
       1
       0
       0
       1
       0
       1
       1
       1
       0
       0
       0
       0
       0
       1
       0
       0
       0
       0
       0
       0
       0
       0
       0
       0
       0
       0
       0
       0
       0
       0
       0
       1
       0
       0
       0
       0
       0
       0
       0
       0
       1
       1
       1
       0
       0
       0
       0
       0
       1
       0
       1
       0
       2
       0
       1
       0
       2
       0
       1
       1
       0
       0
       1
       0
       2
       0
       0
       0
       0
       0
       1
       0
       0
       0
       0
       0
       0
       0
       0
       0
       0
       0
       0
       1
       0
       0
       0
       0
       0
       0
       0
       0
       0
       0
       0
       0
       0
       0
       0
       0
       0
       0
       0
       0
       0
       0
       0
       0
       0
       0
       0
       0
       0
       0
       0
       0
       0
       1
       1
       1
       0
       0
       0
       0
       0
       0
       1
       1
       0
       0
       0
       0
       0
       0
       1
       0
       0
       0
       1
       0
       0
       0
       0
       0
       0
       1
       0
       0
       1
       0
       1
       1
       1
       0
       0
       0
       1
       0
       0
       0
       0
       1
       0
       0
       0
       1
       0
       0
       1
       0
       0
       0
       0
       1
       0
       0
       0
       1
       1
       0
       0
       0
       1
       0
       0
       0
       0
       0
       1
       0
       0
       0
       0
       0
       0
       0
       0
       0
       1
       0
       0
       0
       0
       0
       0
       0
       0
       1
       0
       0
       0
       0
       1
       0
       0
       0
       1
       0
       0
       0
       1
       0
       0
       0
       0
       0
       0
       0
       0
       0
       0
       0
       0
       0
       0
       1
       1
       0
       0
       0
       0
       1
       0
       0
       0
       0
       0
       0
       0
       0
       0
       0
       0
       0
       0
       0
       1
       1
       0
       0
       0
       0
       0
       0
       1
       0
       0
       0
       0
       0
       0
       0
       0
       0
       0
       0
       0
       0
       0
       0
       0
       0
       0
       0
       0
       0
       0
       0
       1
       0
       1
       0
       0
       1
       0
       0
       0
       0
       0
       0
       0
       1
       0
       0
       0
       0
       0
       0
       0
       0
       0
       0
       0
       0
       0
       0
       1
       0
       0
       0
       0
       0
       0
       0
       1
       1
       0
       0
       0
       0
       0
       0
       0
       0
       0
       0
       0
       1
       1
       0
       0
       0
       0
       0
       0
       0
       0
       0
       0
       0
       0
       1
       1
       0
       0
       0
       0
       0
       0
       0
       0
       0
       0
       0
       0
       1
       1
       0
       0
       0
       0
       0
       0
       0
       0
       1
       0
       0
       1
       0
       0
       0
       0
       0
       0
       0
       0
       1
       0
       0
       0
       1
       0
       0
       0
       0
       1
       0
       1
       0
       0
       0
       0
       0
       0
       0
       0
       0
       0
       0
       0
       0
       0
       0
       1
       0
       0
       0
       0
       0
       0
       0
       0
       0
       1
       0
       1
       0
       0
       1
       0
       0
       1
       0
       1
       1
       0
       0
       0
       1
       0
       0
       1
       0
       0
       0
       0
       0
       0
       0
       1
       0
       0
       0
       0
       0
       0
       0
       1
       0
       0
       0
       0
       0
       0
       0
       0
       0
       0
       0
       0
       0
       0
       0
       0
       0
       0
       0
       0
       0
       0
       0
       0
       0
       0
       1
       0
       0
       0
       0
       0
       0
       0
       0
       0
       0
       1
       0
       0
       0
       1
       0
       0
       0
       0
       1
       0
       0
       0
       0
       0
       0
       0
       0
       0
       1
       0
       0
       0
       1
       0
       0
       0
       0
       0
       0
       1
       0
       0
       2
       0
       0
       0
       0
       0
       0
       0
       0
       0
       0
       1
       0
       1
       0
       0
       0
       0
       0
       1
       0
       0
       0
       0
       1
       0
       0
       0
       0
       1
       0
       0
       0
       0
       0
       0
       1
       0
       0
       0
       0
       0
       0
       0
       0
       0
       1
       0
       0
       0
       0
       0
       0
       0
       1
       1
       0
       0
       0
       0
       1
       0
       0
       0
       0
       1
       0
       0
       0
       0
       0
       0
       0
       0
       0
       0
       0
       1
       0
       0
       0
       0
       0
       0
       0
       0
       0
       0
       0
       0
       0
       0
       0
       0
       0
       0
       0
       0
       0
       0
       0
       1
       0
       0
       0
       0
       0
       0
       0
       0
       0
       0
       0
       0
       1
       0
       0
       0
       0
       0
       1
       0
       0
       0
       0
       1
       0
       0
       0
       0
       0
       1
       0
       0
       0
       0
       0
       0
       0
       1
       0
       0
       0
       0
       1
       0
       0
       0
       1
       0
       0
       0
       0
       0
       1
       0
       0
       0
       0
       0
       0
       0
       0
       0
       1
       0
       0
       0
       0
       0
       0
       0
       0
       0
       0
       0
       0
       0
       0
       0
       0
       0
       0
       1
       1
       0
       0
       0
       0
       0
       1
       1
       0
       2
       0
       0
       1
       0
       0
       0
       0
       2
       0
       0
       0
       0
       0
       0
       0
       0
       0
       0
       0
       0
       0
       0
       0
       0
       1
       0
       1
       0
       0
       0
       0
       0
       0
       0
       0
       0
       0
       0
       0
       0
       0
       0
       0
       0
       0
       0
       0
       0
       0
       0
       0
       0
       0
       0
       0
       0
       0
       0
       0
       0
       1
       0
       0
       0
       0
       0
       1
       0
       0
       0
       0
       0
       0
       0
       0
       0
       1
       0
       0
       0
       0
       0
       0
       0
       0
       0
       0
       0
       0
       0
       0
       0
       0
       0
       0
       0
       0
       0
       0
       0
       0
       1
       0
       0
       0
       0
       0
       0
       0
       0
       0
       0
       1
       0
       0
       0
       0
       0
       0
       1
       0
       0
       1
       0
       0
       0
       0
       0
       0
       0
       1
       0
       0
       0
       0
       0
       0
       0
       0
       0
       0
       0
       0
       0
       0
       0
       0
       0
       0
       0
       0
       0
       1
       0
       0
       0
       0
       0
       1
       0
       0
       1
       1
       2
       0
       1
       0
       0
       0
       0
       0
       0
       0
       0
       0
       0
       0
       0
       0
       0
       0
       0
       0
       0
       0
       0
       0
       0
       0
       0
       1
       1
       0
       0
       0
       0
       0
       0
       0
       0
       0
       0
       0
       0
       1
       0
       0
       0
       0
       0
       0
       0
       0
       0
       0
       0
       0
       0
       1
       0
       0
       0
       0
       0
       0
       0
       0
       0
       0
       0
       0
       0
       0
       0
       0
       0
       0
       0
       0
       1
       0
       0
       0
       0
       1
       0
       0
       0
       0
       0
       0
       0
       0
       0
       0
       0
       0
       0
       0
       1
       0
       0
       0
       0
       0
       0
       0
       0
       0
       0
       0
       0
       0
       0
       0
       0
       0
       0
       0
       0
       0
       0
       0
       0
       0
       0
       0
       0
       0
       0
       0
       0
       2
       0
       1
       0
       0
       0
       0
       0
       0
       0
       0
       0
       0
       0
       0
       0
       0
       0
       0
       0
       0
       0
       0
       0
       0
       0
       0
       0
       0
       0
       0
       0
       0
       0
       0
       0
       0
       0
       0
       0
       0
       0
       0
       0
       0
       0
       0
       0
       0
       0
       0
       0
       0
       0
       0
       0
       0
       0
       0
       0
       0
       0
       0
       0
       0
       0
       0
       0
       0
       0
       0
       0
       0
       0
       0
       0
       0
       0
       0
       0
       0
       0
       0
       0
       0
       0
       0
       0
       0
       0
       0
       0
       0
       0
       0
       0
       0
       0
       0
       0
       0
       0
       0
       0
       0
       0
       0
       0
       0
       0
       0
       0
       0
       0
       0
       0
       0
       0
       0
       0
       1
       0
       0
       0
       0
       0
       0
       0
       0
       0
       0
       0
       0
       0
       0
       0
       0
       0
       0
       0
       0
       0
       0
       0
       0
       0
       0
       0
       0
       0
       0
       0
       0
       0
       2
       0
       1
       0
       2
       4
       1
       4
       1
       5
       8
       3
       7
       5
       3
       4
       0
       0
       6
       4
       1
       1
       0
       0
       0
       0
       0
       0
       0
       0
       0
       0
       0
       0
       0
       0
       0
       0
       0
       0
       0
       0
       0
       0
       1
       0
       0
       0
       0
       0
       0
       0
       0
       0
       0
       0
       0
       0
       0
       0
       0
       0
       0
       0
       0
       0
       0
       0
       0
       0
       0
       0
       0
       0
       0
       0
       1
       0
       0
       0
       0
       0
       0
       0
       0
       0
       0
       0
       0
       0
       0
       0
       0
       0
       0
       0
       0
       0
       0
       0
       0
       0
       0
       0
       0
       0
       0
       0
       0
       0
       0
       0
       0
       0
       0
       0
       0
       0
       0
       0
       0
       0
       0
       0
       0
       0
       0
       0
       0
       0
       0
       0
       0
       0
       0
       0
       0
       0
       0
       0
       0
       0
       0
       0
       0
       0
       0
       0
       0
       0
       0
       0
       0
       0
       0
       0
       0
       0
       0
       0
       0
       0
       0
       0
       0
       0
       0
       0
       0
       0
       0
       0
       0
       0
       0
       0
       0
       0
       0
       0
       0
       0
       0
       0
       0
       0
       0
       0
       0
       0
       0
       0
       0
       0
       0
       0
       0
       0
       0
       0
       0
       0
       0
       0
       0
       0
       0
       0
       0
       0
       0
       0
       0
       0
       0
       0
       0
       0
       0
       0
       0
       0
       0
       0
       0
       0
       0
       0
       0
       0
       0
       0
       0
       0
       0
       0
       0
       0
       0
       0
       0
       0
       0
       0
       0
       0
       0
       0
       0
       0
       0
       0
       0
       0
       0
       0
       0
       0
       0
       0
       0
       0
       0
       0
       0
       0
       0
       0
       0
       0
       0
       0
       0
       0
       0
       0
       0
       0
       0
       0
       0
       0
       0
       0
       0
       0
       0
       0
       0
       0
       0
       0
       0
       0
       0
       0
       0
       0
       0
       0
       0
       0
       0
       0
       0
       0
       0
       0
       0
       0
       0
       0
       0
       0
       0
       0
       0
       0
       0
       0
       0
       0
       0
       0
       0
       0
       0
       0
       0
       0
       0
       0
       0
       0
       0
       0
       0
       0
       0
       0
       0
       0
       0
       0
       0
       0
       0
       0
       0
       0
       0
       0
       0
       0
       0
       0
       0
       0
       0
       0
       0
       0
       0
       0
       0
       0
       0
       0
       0
       0
       0
       0
       0
       0
       0
       0
       0
       0
       0
       0
       0
       0
       0
       0
       0
       0
       0
       0
       0
       0
       0
       0
       0
       0
       0
       0
       0
       0
       0
       0
       0
       0
       0
       0
       0
       0
       0
       0
       0
       0
       0
       0
       0
       0
       0
       0
       0
       0
       0
       0
       0
       0
       0
       0
       0
       0
       0
       0
       0
       0
       0
       0
       0
       0
       0
       0
       0
       0
       0
       0
       0
       0
       0
       0
       0
       0
       0
       0
       0
       0
       0
       0
       0
       0
       0
       0
       0
       0
       0
       0
       0
       0
       0
       0
       0
       0
       0
       0
       0
       0
       0
       0
       0
       0
       0
       0
       0
       0
       0
       0
       0
       0
       0
       0
       0
       0
       0
       0
       0
       0
       0
       0
       0
       0
       0
       0
       0
       0
       0
       0
       0
       0
       0
       0
       0
       0
       0
       0
       0
       0
       0
       0
       0
       0
       0
       0
       0
       0
       0
       1
       0
       0
       0
       0
       0
       0
       0
       0
       0
       0
       0
       0
       0
       0
       0
       0
       0
       0
       0
       0
       0
       0
       0
       0
       0
       0
       0
       0
       0
       0
       0
       0
       0
       0
       0
       0
       0
       0
       0
       0
       0
       0
       0
       0
       0
       0
       0
       0
       0
       0
       0
       0
       0
       0
       0
       0
       0
       0
       0
       0
       0
       0
       0
       0
       0
       0
       0
       0
       0
       0
       0
       0
       0
       0
       0
       0
       0
       0
       0
       0
       0
       0
       0
       0
       0
       0
       0
       0
       0
       0
       0
       0
       0
       0
       0
       0
       0
       0
       0
       0
       0
       0
       0
       0
       0
       0
       0
       0
       0
       0
       0
       0
       0
       0
       0
       0
       0
       0
       0
       0
       0
       0
       0
       0
       0
       0
       1
       0
       0
       0
       0
       0
       0
       0
       0
       0
       0
       0
       0
       0
       0
       0
       0
       0
       0
       0
       0
       0
       0
       0
       0
       0
       0
       0
       0
       0
       0
       0
       0
       0
       0
       0
       0
       0
       0
       0
       0
       0
       0
       0
       0
       0
       0
       0
       0
       0
       0
       0
       0
       0
       0
       0
       0
       0
       0
       0
       0
       0
       0
       0
       0
       0
       0
       0
       0
       0
       0
       0
       0
       0
       0
       0
       0
       0
       0
       0
       0
       0
       0
       0
       0
       0
       0
       0
       0
       0
       0
       0
       0
       0
       0
       0
       0
       0
       0
       0
       0
       0
       0
       0
       0
       0
       0
       0
       0
       0
       0
       0
       0
       0
       0
       0
       0
       0
       0
       0
       0
       0
       0
       0
       0
       0
       0
       0
       0
       0
       0
       0
       0
       0
       0
       0
       0
       0
       0
       0
       0
       0
       0
       0
       0
       0
       0
       0
       0
       0
       0
       0
       0
       0
       0
       0
       0
       0
       0
       0
       0
       0
       0
       0
       0
       1
       0
       0
       0
       0
       0
       0
       0
       0
       0
       0
       0
       0
       0
       0
       0
       0
       0
       0
       0
       0
       0
       0
       0
       0
       0
       0
       0
       0
       0
       0
       0
       0
       0
       0
       0
       0
       0
       0
       0
       0
       0
       0
       0
       0
       0
       0
       0
       0
       0
       0
       0
       0
       0
       0
       0
       0
       0
       0
       0
       0
       0
       0
       0
       0
       0
       0
       0
       0
       0
       0
       0
       0
       0
       0
       0
       0
       0
       0
       0
       0
       0
       0
       0
       0
       0
       0
       0
       0
       0
       0
       0
       0
       0
       0
       0
       0
       0
       0
       0
       0
       0
       0
       0
       0
       0
       0
       0
       0
       0
       0
       0
       0
       0
       0
       0
       0
       0
       0
       0
       0
       0
       0
       0
       0
       0
       0
       0
       0
       0
       0
       0
       0
       0
       0
       0
       0
       0
       0
       0
       0
       0
       0
       0
       0
       0
       0
       0
       0
       0
       0
       0
       0
       0
       0
       0
       0
       0
       0
       0
       0
       0
       0
       0
       0
       0
       0
       0
       0
       0
       0
       0
       0
       0
       0
       0
       0
       0
       0
       0
       0
       0
       0
       0
       0
       0
       0
       0
       0
       0
       0
       0
       0
       0
       0
       0
       0
       0
       0
       0
       0
       0
       0
       0
       0
       0
       0
       0
       0
       0
       0
       0
       0
       0
       0
       0
       0
       0
       0
       0
       0
       0
       0
       0
       0
       0
       0
       0
       0
       0
       0
       0
       0
       0
       0
       0
       0
       0
       0
       0
       0
       0
       0
       0
       0
       0
       0
       0
       0
       0
       0
       0
$ROI:
7
748 762
1796 1817
3303 3321
3539 3556
3832 3857
3937 4042
7053 7203
$PRESETS:
None
0
0
$ENER_FIT:
0.369260 0.365870
$MCA_CAL:
3
3.692600E-001 3.658700E-001 4.208100E-008 keV
$SHAPE_CAL:
3
3.291200E+000 7.847500E-004 -2.769900E-008
