$SPEC_ID:
No sample description was entered.
$SPEC_REM:
DET# 3
DETDESC# Mechanically Cooled
AP# GammaVision Version 6.09
$DATE_MEA:
04/04/2023 16:39:24
$MEAS_TIM:
171 176
$DATA:
0 8191
       0
       0
       0
       0
       0
       0
       0
       0
       0
       0
       0
       0
       0
       0
       0
       0
       0
       0
       0
       0
       0
       0
       0
       0
       0
       0
       0
       0
       0
       0
       0
       0
       0
       1
       0
       0
       0
       0
       0
       6
      69
     174
     147
     175
     156
     140
     152
     163
     155
     164
     146
     176
     159
     155
     147
     162
     141
     145
     152
     135
     143
     146
     137
     153
     141
     132
     155
     136
     144
     146
     132
     129
     134
     130
     125
     130
     145
     149
     146
     146
     135
     137
     149
     126
     153
     142
     102
     140
     148
     136
     133
     126
     125
     129
     123
     122
     123
     143
     129
     125
     123
     135
     122
     112
      96
     129
     129
     100
     117
     120
     114
     112
     112
     110
      91
     113
     125
     106
     116
     113
     113
     101
     103
     112
      93
     113
      80
     114
      98
     113
      91
     102
     113
      95
     112
      94
      85
     115
      89
     101
     122
     103
     116
     112
      96
     106
      84
     114
     100
      94
     104
      86
     112
     108
     102
     126
     107
     115
     123
     105
     109
     125
     106
     116
     113
     110
     128
     111
     105
     121
     113
     108
     111
     121
     122
     118
     111
     122
     102
     113
     117
     144
     127
     121
     125
     118
     159
     158
     143
     133
     156
     124
     112
     137
     114
     138
     142
     156
     159
     174
     160
     158
     155
     186
     191
     187
     151
     164
     159
     165
     135
     115
     146
     123
     142
     119
     136
     136
     112
     142
     136
     146
     126
     137
     136
     130
     132
     133
     126
     137
     163
     182
     157
     176
     146
     152
     144
     149
     166
     141
     124
     133
     119
     136
     162
     134
     124
     145
     124
     147
     133
     149
     137
     140
     151
     137
     144
     150
     132
     143
     133
     149
     130
     135
     150
     153
     125
     125
     109
     139
     129
     135
     131
     127
     136
     149
     138
     163
     147
     128
     130
     159
     144
     106
     146
     128
     141
     125
     121
     128
     124
     167
     149
     124
     131
     135
     138
     135
     129
     140
     118
     150
     136
     127
     154
     123
     166
     128
     150
     127
     130
     150
     144
     136
     134
     149
     128
     136
     124
     139
     133
     118
     128
     162
     151
     143
     125
     145
     149
     142
     151
     141
     149
     123
     151
     140
     136
     146
     140
     139
     134
     116
     146
     125
     145
     138
     135
     153
     117
     119
     152
     117
     150
     153
     123
     149
     104
     139
     154
     154
     143
     109
     142
     144
     120
     134
     129
     152
     135
     156
     118
     127
     122
     166
     136
     148
     130
     145
     143
     123
     113
     125
     153
     144
     113
     121
     130
     136
     127
     145
     133
     127
     130
     151
     139
     166
     131
     156
     140
     123
     137
     123
     133
     141
     119
     140
     119
     128
     135
     123
     139
     121
     126
     157
     143
     131
     109
     131
     148
     138
     125
     150
     135
     133
     139
     141
     156
     120
     122
     134
     139
     127
     111
     135
     143
     112
     120
     131
     128
     129
     126
     123
     128
     126
     131
     128
     138
     153
     127
     133
     116
     133
     142
     135
     127
     119
     120
     122
     124
     132
     136
     121
     127
     115
     136
     114
     139
     110
     105
     124
     135
     114
     120
     125
     101
     103
     141
     101
     111
     117
     130
     128
     131
     140
     125
     121
     119
     115
      98
     115
     122
     128
     115
     123
     120
     140
     115
     139
     142
     145
     144
     125
     147
     161
     130
     161
     149
     158
     160
     153
     162
     146
     156
     157
     155
     177
     160
     154
     141
     160
     148
     164
     160
     177
     160
     158
     141
     153
     176
     153
     167
     145
     145
     160
     140
     131
     138
     162
     135
     150
     137
     139
     141
     154
     161
     163
     132
     130
     130
     143
     133
     158
     152
     140
     150
     129
     137
     142
     138
     145
     130
     122
     157
     152
     138
     127
     120
     134
     129
     132
     164
     161
     162
     124
     133
     132
     138
     128
     127
     145
     141
     132
     135
     111
     135
     127
     144
     128
     143
     148
     123
     129
     105
     137
     113
     151
     131
     142
     143
     116
     123
     112
     128
     116
     127
     122
     116
     130
     124
     125
     122
     118
      94
     124
     129
     114
     128
     118
     134
     119
     106
     115
     120
     120
      99
     126
     114
     132
     111
     121
     110
     104
     125
      88
      95
     115
     105
     116
      97
     100
      85
     104
     120
      85
      88
     104
      99
     110
     117
     100
      85
     101
     121
     103
     115
     101
      99
     102
      91
      90
      91
     105
     100
      95
     104
      95
      84
      98
      89
      79
      91
      96
      92
      95
      84
      88
      89
      73
      73
      92
      87
     101
      88
      75
      88
     107
      89
      82
      83
      65
      88
      81
      76
      68
      61
      79
      83
      80
      75
      75
      67
      75
      61
      79
      74
      92
      63
      84
      62
      77
      67
      68
      72
      77
      64
      67
      50
      65
      62
      49
      58
      46
      47
      79
      61
      46
      60
      52
      59
      60
      57
      55
      59
      51
      56
      58
      64
      43
      57
      56
      51
      46
      66
      51
      49
      38
      54
      53
      50
      49
      50
      63
      44
      55
      46
      61
      47
      53
      50
      41
      53
      53
      48
      51
      46
      52
      50
      44
      54
      48
      37
      52
      56
      44
      56
      60
      51
      59
      43
      43
      52
      52
      53
      37
      53
      39
      47
      44
      58
      45
      46
      54
      40
      59
      65
      35
      60
      60
      51
      49
      41
      60
      45
      35
      52
      69
      56
      57
      47
      41
      55
      56
      45
      41
      38
      37
      49
      45
      47
      53
      49
      48
      39
      27
      60
      48
      56
      43
      37
      40
      48
      48
      61
      25
      40
      44
      59
      40
      53
      37
      41
      55
      48
      33
      44
      46
      40
      44
      44
      42
      48
      33
      30
      35
      39
      41
      44
      35
      35
      45
      45
      32
      59
      36
      44
      39
      40
      51
      37
      35
      44
      38
      33
      30
      43
      48
      54
      45
      40
      37
      46
      53
      42
      45
      50
      50
      51
      44
      43
      37
      46
      39
      32
      41
      45
      46
      37
      41
      43
      39
      39
      42
      38
      45
      55
      37
      38
      41
      46
      39
      42
      37
      37
      28
      37
      28
      37
      49
      40
      36
      48
      47
      50
      49
      49
      49
      42
      45
      41
      44
      49
      45
      43
      29
      41
      51
      42
      61
      42
      50
      40
      44
      37
      41
      34
      37
      53
      40
      50
      40
      47
      37
      40
      39
      52
      48
      47
      44
      48
      40
      47
      61
      52
      44
      58
      47
      27
      41
      43
      40
      48
      35
      45
      47
      48
      43
      44
      47
      46
      45
      38
      45
      35
      24
      43
      55
      58
      35
      48
      39
      52
      45
      41
      46
      39
      51
      43
      48
      39
      35
      45
      53
      38
      43
      40
      44
      41
      32
      45
      54
      50
      40
      34
      42
      33
      53
      38
      56
      39
      35
      36
      50
      45
      36
      44
      42
      35
      43
      41
      41
      48
      48
      41
      42
      33
      42
      47
      47
      36
      48
      52
      45
      44
      63
      48
      42
      43
      57
      44
      52
      45
      55
      36
      44
      51
      47
      41
      49
      48
      43
      37
      48
      56
      33
      46
      38
      42
      48
      46
      47
      36
      45
      46
      48
      49
      52
      34
      45
      49
      46
      49
      44
      42
      41
      41
      40
      55
      43
      40
      47
      44
      62
      66
      41
      45
      43
      55
      44
      43
      48
      58
      50
      56
      51
      29
      43
      48
      35
      50
      44
      52
      45
      63
      42
      54
      52
      57
      39
      59
      49
      51
      53
      66
      59
      56
      31
      57
      48
      60
      53
      54
      61
      54
      46
      43
      47
      64
      38
      64
      52
      52
      53
      53
      60
      50
      55
      61
      48
      64
      60
      54
      50
      65
      50
      56
      68
      46
      49
      47
      53
      50
      57
      68
      57
      64
      48
      52
      59
      52
      65
      63
      58
      57
      40
      48
      60
      49
      43
      61
      66
      65
      63
      54
      47
      57
      65
      65
      46
      54
      56
      66
      54
      60
      51
      63
      77
      62
      57
      55
      58
      47
      67
      47
      54
      63
      51
      48
      58
      54
      52
      36
      55
      65
      60
      58
      52
      52
      61
      62
      48
      54
      52
      64
      69
      75
      64
      61
      54
      60
      48
      65
      70
      67
      55
      74
      63
      50
      51
      66
      69
      72
      74
      64
      50
      60
      59
      57
      62
      62
      58
      59
      60
      55
      64
      54
      59
      64
      67
      73
      68
      67
      57
      79
      72
      62
      70
      53
      74
      61
      80
      78
      62
      59
      77
      63
      89
      72
      69
      62
      64
      70
      78
      67
      72
      55
      77
      77
      56
      63
      59
      56
      83
      53
      59
      68
      52
      68
      70
      72
      49
      59
      65
      71
      52
      59
      53
      56
      43
      44
      55
      54
      35
      42
      49
      41
      42
      34
      41
      33
      39
      43
      34
      37
      41
      36
      38
      45
      31
      30
      32
      43
      42
      35
      40
      44
      23
      51
      38
      31
      41
      40
      38
      39
      37
      34
      29
      31
      32
      39
      32
      24
      34
      29
      38
      34
      33
      21
      28
      35
      30
      32
      25
      32
      32
      30
      34
      29
      31
      33
      39
      35
      37
      32
      32
      33
      29
      34
      28
      21
      29
      31
      25
      31
      32
      40
      38
      34
      30
      27
      29
      36
      33
      26
      28
      33
      26
      26
      30
      25
      33
      24
      21
      20
      24
      32
      27
      21
      30
      36
      32
      29
      23
      24
      25
      26
      30
      18
      23
      21
      19
      25
      19
      26
      25
      27
      20
      21
      21
      17
      18
      18
      18
      24
      23
      26
      22
      16
      21
      24
      24
      23
      22
      31
      26
      19
      16
      14
      17
      16
      32
      24
      22
      20
      19
      20
      14
      19
      14
      23
      15
      25
      16
      21
      19
      20
      26
      23
      14
      19
      17
      12
      22
      24
      20
      13
      17
      18
      20
      16
      23
      26
      16
      14
      11
      17
      17
      16
      17
      10
      18
      20
      10
      25
       9
      22
      12
      20
      11
      17
      19
      13
      11
       7
      17
      16
      15
      14
      14
      19
      19
      13
      13
      13
      10
      12
      15
      13
      12
      21
      14
      17
      23
      18
      12
      19
      18
       8
      11
      18
       9
      12
      17
      13
      14
      14
      17
      16
      19
      19
      13
      15
      15
      12
      12
      13
       9
      19
      18
      16
      11
      14
      19
       8
      15
      19
      18
      11
      11
      14
      14
       9
      18
      10
      10
       8
      15
      14
      22
       8
      16
      11
      10
      17
      16
      22
      11
      15
      10
      10
      12
      11
       9
      20
      18
      10
      15
      15
      11
      11
      21
      21
      15
      13
      20
      10
      21
      17
      21
      12
      13
      13
      11
      13
      11
      13
      17
      12
      11
      11
      12
       5
      16
      16
      13
      11
      11
      12
       6
      14
      11
      10
       8
      16
      11
      14
      13
       9
      11
      17
       3
      13
      10
      18
      17
      16
       7
      14
      12
      13
      10
      12
       2
      12
      12
      13
      11
      12
      10
      13
      16
      12
      10
      10
       7
      19
      11
      11
       4
      12
      17
      18
      13
      15
      16
      20
      16
      17
       9
       8
       9
      13
      15
      15
      14
       6
       7
      18
       9
      13
      12
       6
      10
      10
      11
      12
       8
      14
      11
      13
       7
       8
      10
       9
       8
      16
      13
      12
      11
      13
      14
      12
      10
       6
      13
       8
      13
      10
      17
      12
      10
      12
      11
      10
      10
       5
       6
       9
      14
      16
       7
       9
      13
       8
       9
      15
       9
      10
      10
      13
      11
       7
       7
      10
       6
      20
       9
       8
      11
       9
      13
       5
      12
       9
       8
       8
      10
       9
       8
       5
       7
      15
      13
       9
       8
      10
      12
      13
       4
       6
       9
      10
       8
       8
      12
       8
      11
      13
      12
      10
       6
      12
       8
      19
      13
      11
       8
       9
      14
      14
      10
       9
       7
      12
      15
       9
      12
      10
      13
      11
      13
      14
      14
      25
      12
      24
      24
      25
      31
      45
      82
     130
     201
     448
     795
    1313
    2051
    2810
    3337
    3538
    3234
    2454
    1653
     939
     423
     199
      78
      17
      10
       5
       1
       4
       4
       2
       1
       2
       2
       1
       2
       4
       1
       1
       2
       2
       1
       0
       2
       0
       1
       2
       2
       3
       2
       2
       2
       1
       4
       2
       1
       2
       0
       1
       1
       1
       0
       4
       1
       2
       0
       1
       2
       3
       0
       3
       4
       2
       4
       2
       2
       0
       1
       3
       3
       3
       3
       2
       1
       2
       1
       1
       1
       4
       3
       3
       4
       4
       0
       1
       1
       2
       1
       1
       3
       1
       2
       1
       1
       0
       1
       1
       0
       2
       4
       0
       2
       1
       0
       1
       3
       1
       2
       2
       1
       1
       1
       0
       3
       2
       3
       1
       3
       2
       3
       2
       1
       2
       0
       0
       1
       2
       1
       4
       0
       1
       2
       0
       0
       0
       3
       1
       1
       0
       1
       0
       0
       0
       1
       0
       4
       3
       0
       1
       2
       1
       1
       0
       3
       0
       0
       2
       2
       2
       2
       1
       2
       1
       6
       3
       0
       2
       1
       1
       1
       0
       1
       2
       1
       1
       0
       1
       1
       1
       1
       1
       2
       1
       1
       3
       2
       5
       1
       1
       2
       1
       0
       2
       2
       2
       4
       0
       0
       3
       2
       1
       3
       1
       0
       1
       2
       1
       0
       2
       1
       1
       1
       2
       2
       0
       1
       1
       6
       1
       0
       2
       2
       0
       1
       1
       1
       3
       4
       0
       0
       1
       2
       3
       1
       0
       0
       0
       2
       0
       1
       2
       1
       5
       0
       0
       5
       2
       0
       2
       0
       1
       0
       0
       5
       0
       2
       1
       0
       2
       3
       4
       4
       2
       0
       2
       1
       1
       3
       0
       1
       4
       2
       0
       2
       1
       2
       1
       0
       3
       1
       3
       0
       0
       1
       4
       0
       2
       1
       1
       3
       1
       2
       1
       3
       3
       3
       2
       1
       3
       2
       0
       2
       1
       0
       0
       2
       0
       2
       2
       5
       0
       0
       1
       2
       1
       2
       2
       1
       0
       1
       0
       0
       0
       1
       2
       2
       1
       1
       1
       3
       2
       0
       0
       2
       0
       1
       2
       0
       2
       2
       1
       1
       1
       2
       1
       3
       3
       3
       0
       3
       0
       1
       1
       0
       1
       1
       1
       0
       1
       3
       0
       1
       1
       2
       1
       0
       1
       0
       2
       1
       4
       2
       1
       2
       2
       1
       1
       2
       0
       0
       0
       1
       4
       2
       0
       0
       1
       1
       0
       3
       1
       2
       1
       0
       0
       0
       1
       0
       1
       2
       0
       1
       3
       1
       1
       0
       2
       0
       2
       1
       1
       4
       1
       0
       2
       1
       1
       1
       1
       3
       0
       0
       1
       1
       0
       1
       1
       1
       2
       1
       1
       0
       0
       3
       1
       1
       0
       1
       1
       1
       0
       1
       3
       2
       2
       0
       2
       0
       1
       1
       2
       1
       1
       1
       1
       5
       0
       0
       2
       3
       2
       2
       1
       0
       1
       3
       1
       1
       2
       1
       2
       0
       4
       2
       2
       1
       0
       1
       1
       2
       3
       1
       2
       0
       0
       0
       0
       0
       2
       0
       1
       2
       0
       4
       0
       0
       0
       1
       1
       0
       1
       0
       2
       1
       1
       0
       0
       1
       0
       1
       1
       2
       0
       1
       2
       0
       1
       4
       0
       3
       1
       1
       0
       0
       1
       1
       1
       1
       3
       1
       2
       2
       2
       1
       0
       0
       0
       1
       3
       2
       1
       0
       3
       1
       1
       1
       2
       1
       2
       1
       1
       0
       0
       5
       2
       1
       1
       1
       2
       1
       1
       0
       0
       3
       1
       2
       0
       1
       2
       0
       3
       1
       0
       0
       2
       0
       0
       1
       2
       0
       1
       0
       0
       0
       0
       0
       1
       2
       1
       0
       2
       3
       0
       1
       1
       4
       0
       1
       1
       0
       3
       1
       0
       1
       2
       1
       0
       3
       2
       3
       1
       1
       0
       0
       1
       2
       1
       2
       3
       2
       0
       3
       1
       0
       2
       1
       0
       1
       0
       0
       2
       0
       0
       2
       1
       0
       2
       1
       0
       0
       0
       0
       5
       1
       1
       0
       3
       1
       0
       0
       0
       0
       1
       0
       2
       2
       1
       0
       2
       0
       1
       0
       1
       2
       1
       1
       1
       0
       2
       1
       0
       0
       1
       4
       1
       1
       0
       0
       2
       1
       0
       2
       4
       1
       2
       3
       4
       4
       6
       2
       2
       3
       2
       1
       3
       2
       0
       1
       2
       0
       1
       2
       2
       1
       0
       0
       0
       2
       2
       0
       0
       2
       3
       0
       1
       0
       0
       1
       2
       1
       1
       1
       0
       0
       0
       1
       1
       1
       0
       2
       3
       1
       1
       0
       0
       0
       2
       2
       0
       1
       1
       0
       2
       0
       0
       1
       2
       2
       0
       3
       2
       2
       2
       4
       2
       1
       1
       2
       3
       3
       1
       0
       1
       1
       0
       0
       0
       1
       1
       1
       2
       2
       1
       3
       0
       2
       3
       0
       0
       2
       2
       0
       2
       0
       1
       1
       1
       0
       2
       2
       3
       2
       2
       0
       2
       1
       1
       0
       0
       1
       1
       0
       2
       0
       0
       0
       1
       3
       2
       0
       1
       3
       0
       1
       0
       1
       4
       1
       2
       0
       0
       2
       0
       0
       2
       1
       2
       0
       1
       1
       0
       2
       0
       0
       1
       1
       1
       2
       2
       3
       1
       4
       1
       4
       5
       5
       3
       1
       3
       1
       1
       0
       4
       0
       5
       1
       1
       3
       0
       0
       0
       0
       0
       1
       1
       1
       1
       1
       0
       1
       1
       2
       1
       2
       2
       0
       1
       0
       0
       2
       0
       0
       0
       1
       0
       1
       2
       2
       1
       2
       1
       1
       2
       0
       0
       1
       1
       1
       1
       0
       1
       0
       3
       0
       2
       0
       1
       0
       0
       1
       1
       0
       1
       1
       1
       2
       0
       2
       1
       2
       1
       2
       0
       0
       0
       0
       2
       2
       1
       2
       2
       1
       0
       2
       1
       0
       0
       0
       0
       3
       3
       1
       1
       1
       2
       0
       2
       0
       0
       0
       0
       2
       1
       2
       1
       0
       0
       0
       0
       3
       1
       0
       1
       0
       1
       0
       1
       1
       1
       0
       1
       0
       0
       0
       1
       2
       2
       1
       1
       1
       1
       1
       0
       1
       0
       0
       1
       0
       0
       1
       0
       0
       1
       4
       1
       0
       0
       1
       0
       1
       1
       1
       2
       2
       0
       0
       2
       0
       0
       0
       3
       1
       0
       2
       1
       1
       2
       1
       2
       2
       2
       2
       1
       2
       1
       2
       1
       3
       3
       0
       0
       0
       1
       0
       2
       1
       0
       2
       1
       0
       2
       1
       0
       3
       0
       0
       0
       0
       0
       0
       1
       1
       0
       0
       0
       0
       1
       0
       1
       1
       0
       1
       1
       1
       0
       1
       1
       1
       1
       1
       2
       1
       1
       1
       1
       1
       1
       0
       0
       1
       0
       1
       1
       1
       1
       2
       2
       2
       0
       0
       0
       0
       1
       0
       0
       0
       0
       1
       0
       0
       1
       0
       0
       4
       2
       1
       0
       2
       0
       0
       1
       1
       1
       1
       0
       2
       0
       1
       2
       1
       0
       0
       1
       2
       0
       2
       1
       0
       0
       0
       0
       1
       0
       1
       0
       1
       0
       1
       0
       0
       0
       0
       1
       0
       2
       0
       2
       2
       0
       0
       1
       0
       0
       0
       0
       0
       0
       1
       1
       0
       0
       2
       1
       0
       0
       0
       1
       0
       0
       1
       1
       1
       2
       0
       0
       0
       0
       0
       4
       0
       1
       2
       1
       0
       0
       1
       0
       0
       1
       1
       1
       1
       1
       0
       0
       0
       1
       1
       0
       2
       1
       0
       1
       1
       0
       0
       2
       0
       1
       1
       0
       0
       1
       2
       0
       1
       2
       1
       0
       0
       2
       0
       0
       1
       0
       0
       2
       0
       1
       0
       0
       2
       0
       1
       1
       0
       0
       0
       0
       0
       1
       0
       1
       1
       2
       2
       2
       0
       0
       0
       1
       1
       0
       3
       1
       3
       3
       5
       5
       1
       2
       2
       3
       1
       1
       1
       0
       2
       0
       2
       0
       0
       0
       0
       0
       0
       0
       0
       2
       0
       1
       1
       1
       2
       1
       0
       1
       1
       1
       2
       1
       0
       1
       0
       0
       0
       0
       1
       1
       1
       1
       2
       1
       1
       1
       2
       0
       1
       0
       0
       2
       1
       2
       1
       2
       2
       1
       1
       0
       1
       1
       0
       2
       0
       1
       3
       0
       1
       1
       2
       0
       0
       0
       0
       0
       0
       1
       0
       1
       2
       0
       0
       0
       1
       1
       1
       1
       0
       0
       0
       1
       0
       0
       0
       3
       1
       1
       1
       1
       2
       0
       0
       1
       1
       1
       0
       0
       3
       0
       0
       0
       0
       0
       0
       0
       1
       0
       0
       2
       0
       0
       0
       0
       0
       0
       1
       2
       1
       0
       1
       1
       0
       1
       0
       1
       0
       2
       0
       1
       0
       0
       2
       1
       1
       3
       0
       1
       2
       2
       2
       3
       0
       1
       0
       0
       1
       0
       1
       2
       1
       0
       2
       0
       0
       0
       2
       1
       0
       1
       3
       0
       0
       0
       1
       3
       0
       0
       1
       0
       0
       0
       0
       1
       0
       0
       0
       1
       0
       3
       0
       2
       2
       1
       2
       0
       1
       2
       0
       0
       0
       1
       0
       0
       1
       0
       0
       1
       1
       1
       0
       2
       0
       0
       2
       0
       2
       0
       1
       1
       1
       0
       2
       0
       0
       1
       3
       0
       2
       1
       1
       0
       0
       0
       0
       0
       1
       0
       1
       0
       2
       1
       1
       2
       0
       1
       0
       0
       1
       0
       0
       0
       1
       1
       0
       1
       0
       1
       0
       0
       1
       2
       3
       0
       1
       0
       0
       1
       0
       2
       0
       1
       0
       0
       1
       0
       0
       1
       1
       1
       0
       0
       1
       1
       1
       0
       0
       1
       0
       0
       1
       0
       0
       1
       0
       0
       1
       0
       0
       1
       0
       1
       0
       1
       0
       0
       1
       0
       0
       1
       1
       1
       0
       3
       0
       1
       1
       2
       0
       2
       3
       2
       3
       6
       2
       0
       0
       0
       2
       0
       0
       1
       2
       2
       0
       0
       0
       1
       0
       1
       0
       1
       1
       1
       0
       2
       2
       0
       0
       0
       1
       0
       0
       0
       2
       0
       1
       1
       1
       0
       0
       0
       1
       0
       1
       0
       3
       1
       0
       0
       0
       0
       0
       2
       1
       0
       0
       0
       2
       0
       0
       1
       1
       0
       1
       0
       0
       0
       0
       2
       1
       3
       0
       0
       0
       1
       2
       0
       0
       0
       1
       1
       3
       1
       1
       2
       2
       0
       0
       0
       1
       0
       1
       0
       0
       2
       0
       0
       2
       1
       0
       0
       0
       1
       1
       0
       0
       2
       0
       1
       1
       1
       0
       0
       3
       1
       2
       0
       0
       1
       0
       0
       0
       0
       0
       0
       0
       0
       0
       2
       1
       2
       0
       0
       0
       1
       1
       1
       0
       0
       1
       1
       0
       0
       0
       1
       0
       2
       1
       0
       1
       1
       1
       2
       2
       0
       2
       0
       0
       0
       2
       0
       0
       0
       1
       0
       1
       0
       1
       0
       1
       2
       1
       1
       0
       1
       1
       0
       0
       1
       0
       0
       0
       1
       1
       1
       0
       0
       1
       0
       0
       0
       0
       0
       0
       2
       1
       1
       1
       1
       1
       1
       0
       0
       0
       0
       0
       0
       0
       1
       0
       0
       0
       0
       1
       0
       0
       0
       1
       0
       1
       1
       1
       0
       0
       2
       0
       1
       0
       0
       1
       0
       0
       0
       4
       0
       2
       0
       0
       1
       0
       1
       1
       2
       0
       2
       2
       2
       0
       0
       0
       0
       0
       2
       0
       1
       3
       1
       1
       2
       0
       3
       0
       1
       0
       0
       1
       0
       1
       0
       0
       0
       1
       1
       1
       0
       0
       1
       0
       0
       0
       0
       1
       2
       1
       0
       0
       0
       0
       1
       2
       1
       1
       1
       0
       0
       0
       0
       1
       0
       0
       0
       0
       0
       0
       0
       1
       1
       1
       0
       1
       1
       2
       0
       0
       1
       0
       0
       0
       1
       0
       1
       0
       1
       0
       0
       1
       0
       1
       0
       0
       1
       0
       0
       0
       0
       1
       0
       0
       0
       1
       0
       1
       0
       0
       0
       0
       0
       0
       1
       0
       0
       0
       1
       1
       1
       0
       0
       0
       0
       1
       1
       0
       0
       0
       0
       0
       1
       0
       0
       0
       0
       2
       0
       1
       0
       0
       1
       1
       1
       1
       0
       1
       2
       1
       1
       0
       0
       0
       1
       0
       1
       0
       0
       0
       0
       0
       0
       0
       1
       0
       1
       0
       0
       0
       1
       0
       0
       0
       1
       0
       0
       0
       0
       0
       0
       0
       0
       0
       0
       0
       1
       0
       0
       1
       1
       0
       0
       0
       0
       0
       0
       0
       0
       1
       0
       0
       0
       1
       0
       2
       0
       0
       1
       0
       1
       0
       0
       0
       1
       1
       0
       0
       0
       0
       0
       0
       0
       0
       0
       0
       1
       2
       2
       1
       1
       1
       2
       0
       0
       0
       1
       0
       0
       0
       0
       1
       0
       0
       0
       0
       1
       0
       0
       0
       0
       0
       2
       1
       0
       0
       1
       0
       0
       0
       0
       0
       0
       0
       0
       1
       0
       0
       0
       1
       0
       0
       1
       1
       0
       0
       0
       0
       0
       0
       1
       0
       2
       1
       0
       0
       0
       0
       1
       0
       1
       1
       2
       1
       1
       0
       0
       1
       0
       0
       0
       2
       0
       0
       1
       0
       0
       0
       0
       0
       1
       0
       0
       1
       0
       0
       0
       0
       0
       1
       0
       0
       1
       1
       1
       0
       0
       1
       0
       0
       0
       0
       0
       0
       0
       0
       2
       0
       1
       0
       0
       0
       1
       0
       0
       1
       0
       2
       0
       0
       0
       0
       0
       1
       1
       0
       1
       0
       2
       1
       0
       1
       2
       0
       0
       2
       3
       7
       6
       4
      15
      19
       9
      21
      20
      21
      12
      10
      13
       7
       5
       0
       2
       0
       0
       0
       0
       0
       0
       0
       0
       0
       0
       1
       0
       0
       0
       0
       0
       0
       0
       1
       0
       1
       0
       0
       0
       0
       0
       0
       0
       0
       0
       0
       1
       0
       0
       0
       0
       0
       0
       0
       0
       1
       0
       0
       0
       0
       0
       0
       1
       0
       0
       0
       0
       1
       0
       0
       0
       1
       0
       0
       0
       0
       0
       0
       0
       2
       0
       0
       0
       1
       0
       0
       0
       3
       1
       0
       0
       0
       0
       0
       0
       0
       0
       2
       0
       0
       0
       0
       0
       1
       0
       0
       0
       0
       0
       0
       0
       0
       0
       0
       0
       0
       0
       0
       0
       1
       0
       0
       0
       0
       1
       0
       0
       0
       0
       1
       0
       0
       0
       2
       0
       0
       0
       1
       0
       0
       1
       1
       0
       0
       0
       0
       0
       0
       0
       0
       1
       0
       2
       0
       0
       0
       0
       0
       0
       0
       0
       0
       0
       1
       0
       0
       0
       0
       1
       0
       0
       1
       0
       0
       0
       0
       1
       0
       0
       0
       0
       0
       0
       0
       0
       0
       0
       0
       0
       0
       0
       1
       0
       0
       0
       0
       1
       0
       0
       0
       0
       0
       0
       0
       0
       0
       0
       0
       0
       1
       0
       1
       0
       0
       0
       0
       0
       0
       1
       0
       0
       0
       1
       0
       0
       0
       0
       0
       0
       0
       1
       0
       0
       1
       0
       1
       0
       0
       0
       0
       0
       0
       0
       1
       0
       0
       0
       1
       0
       0
       0
       0
       0
       0
       0
       0
       0
       0
       0
       0
       0
       0
       0
       0
       0
       0
       1
       0
       0
       0
       0
       0
       0
       0
       0
       1
       0
       0
       0
       0
       0
       1
       0
       0
       0
       0
       0
       0
       0
       0
       0
       0
       0
       0
       0
       0
       0
       0
       0
       0
       0
       0
       0
       0
       0
       0
       0
       0
       0
       0
       0
       0
       0
       0
       0
       0
       0
       0
       0
       0
       0
       0
       0
       0
       0
       0
       0
       1
       0
       0
       0
       0
       1
       0
       0
       0
       0
       1
       0
       0
       0
       0
       0
       0
       0
       0
       0
       1
       0
       0
       0
       0
       0
       0
       0
       0
       0
       1
       1
       3
       1
       0
       0
       1
       0
       1
       0
       0
       0
       1
       0
       1
       1
       0
       0
       0
       0
       0
       0
       0
       0
       1
       0
       0
       0
       0
       1
       0
       0
       0
       0
       0
       0
       0
       0
       0
       0
       0
       1
       1
       0
       0
       0
       0
       0
       0
       0
       0
       0
       0
       0
       0
       1
       0
       0
       0
       0
       0
       0
       0
       0
       1
       0
       0
       0
       0
       0
       0
       0
       0
       0
       0
       0
       0
       0
       0
       0
       0
       0
       0
       0
       0
       0
       1
       0
       0
       0
       1
       1
       0
       1
       0
       0
       0
       0
       0
       0
       0
       0
       0
       0
       0
       1
       0
       0
       0
       0
       0
       0
       0
       1
       1
       0
       0
       0
       0
       0
       0
       0
       0
       0
       0
       0
       0
       0
       0
       0
       0
       2
       0
       0
       0
       0
       0
       0
       0
       0
       0
       0
       0
       0
       0
       0
       0
       0
       0
       1
       0
       0
       0
       1
       0
       0
       0
       0
       0
       0
       0
       0
       0
       0
       0
       0
       1
       0
       0
       0
       0
       0
       1
       0
       0
       0
       0
       1
       0
       0
       0
       0
       0
       0
       0
       0
       0
       2
       0
       1
       0
       0
       0
       0
       0
       0
       0
       0
       0
       0
       0
       0
       0
       0
       0
       0
       0
       0
       0
       1
       0
       0
       0
       0
       0
       0
       0
       1
       0
       0
       0
       0
       0
       0
       0
       0
       0
       0
       0
       0
       0
       0
       0
       0
       0
       0
       0
       1
       1
       0
       0
       0
       0
       1
       0
       0
       0
       0
       0
       0
       0
       0
       1
       0
       1
       0
       0
       0
       1
       0
       0
       0
       0
       0
       0
       0
       0
       0
       0
       0
       0
       0
       0
       0
       0
       0
       0
       0
       0
       0
       0
       0
       0
       0
       0
       0
       0
       0
       0
       0
       0
       0
       0
       0
       0
       0
       0
       1
       0
       0
       0
       1
       0
       0
       0
       0
       0
       0
       0
       0
       0
       0
       0
       0
       0
       0
       0
       0
       0
       0
       0
       0
       0
       0
       0
       0
       0
       0
       0
       0
       0
       0
       1
       0
       0
       0
       0
       0
       0
       0
       0
       0
       0
       1
       0
       0
       0
       0
       0
       2
       0
       0
       1
       0
       0
       0
       1
       0
       0
       0
       0
       0
       0
       0
       1
       1
       0
       0
       0
       0
       0
       0
       0
       1
       0
       0
       0
       0
       1
       0
       0
       0
       0
       0
       0
       0
       0
       0
       0
       1
       0
       0
       0
       1
       0
       0
       1
       0
       0
       0
       0
       0
       0
       0
       0
       0
       0
       0
       0
       0
       1
       0
       0
       0
       0
       1
       0
       0
       0
       0
       0
       0
       0
       0
       0
       0
       1
       0
       0
       1
       1
       0
       0
       0
       1
       1
       0
       1
       0
       0
       0
       0
       0
       0
       0
       0
       2
       1
       0
       0
       0
       0
       1
       1
       0
       0
       0
       0
       0
       0
       0
       1
       0
       0
       0
       0
       1
       0
       1
       0
       0
       0
       0
       0
       0
       2
       1
       5
       2
       1
       5
       3
       4
       1
       1
       0
       1
       0
       0
       0
       1
       0
       0
       0
       0
       0
       0
       0
       0
       0
       0
       0
       0
       0
       0
       0
       0
       0
       0
       0
       0
       0
       0
       0
       0
       1
       1
       0
       0
       0
       0
       1
       0
       0
       0
       0
       0
       0
       0
       0
       0
       0
       1
       1
       0
       0
       0
       0
       0
       0
       0
       0
       0
       0
       0
       0
       1
       0
       0
       0
       0
       0
       0
       0
       0
       0
       0
       0
       1
       0
       0
       0
       0
       0
       0
       0
       0
       1
       0
       0
       0
       0
       0
       0
       1
       0
       0
       0
       0
       2
       0
       0
       0
       1
       0
       0
       0
       0
       0
       0
       0
       0
       0
       0
       0
       1
       0
       0
       0
       0
       0
       0
       0
       0
       0
       0
       0
       0
       0
       0
       0
       0
       0
       0
       0
       0
       0
       0
       0
       0
       0
       0
       0
       0
       0
       1
       0
       0
       0
       0
       0
       0
       0
       0
       0
       0
       0
       0
       0
       0
       0
       0
       0
       1
       0
       0
       0
       0
       0
       0
       0
       0
       0
       0
       0
       0
       0
       0
       0
       0
       0
       0
       0
       1
       0
       0
       0
       0
       0
       0
       0
       0
       0
       0
       0
       0
       0
       0
       0
       0
       1
       0
       0
       0
       1
       0
       0
       1
       0
       1
       0
       1
       0
       0
       0
       0
       0
       0
       0
       0
       0
       0
       0
       0
       1
       1
       0
       0
       0
       1
       1
       0
       1
       1
       0
       0
       0
       0
       0
       0
       0
       0
       0
       0
       0
       0
       0
       1
       0
       0
       0
       0
       0
       0
       0
       0
       0
       0
       0
       0
       0
       0
       0
       0
       0
       0
       0
       0
       0
       0
       0
       0
       0
       0
       0
       0
       0
       0
       0
       0
       1
       0
       0
       0
       0
       0
       1
       0
       0
       0
       0
       0
       0
       0
       0
       0
       0
       0
       0
       0
       0
       1
       0
       0
       0
       0
       0
       0
       0
       1
       0
       0
       0
       0
       0
       0
       0
       0
       0
       0
       0
       0
       0
       0
       0
       0
       0
       1
       0
       0
       0
       0
       0
       0
       0
       1
       0
       0
       2
       0
       0
       0
       0
       0
       0
       0
       0
       1
       0
       0
       0
       0
       0
       0
       0
       0
       0
       0
       0
       0
       0
       0
       0
       0
       0
       0
       0
       0
       0
       0
       0
       0
       0
       0
       0
       0
       1
       0
       0
       0
       1
       0
       0
       0
       0
       0
       0
       0
       0
       0
       0
       0
       0
       0
       0
       0
       0
       0
       0
       0
       0
       0
       0
       0
       0
       0
       1
       0
       0
       0
       0
       0
       0
       0
       0
       0
       0
       0
       1
       0
       0
       2
       0
       0
       0
       0
       0
       0
       0
       0
       0
       0
       0
       0
       0
       0
       0
       0
       0
       0
       0
       0
       0
       0
       0
       0
       0
       0
       1
       0
       0
       0
       0
       0
       0
       0
       0
       1
       0
       0
       0
       0
       0
       1
       0
       0
       0
       0
       0
       0
       0
       0
       0
       0
       0
       0
       0
       0
       0
       0
       0
       0
       0
       0
       1
       0
       0
       0
       0
       0
       0
       0
       0
       0
       0
       0
       0
       0
       0
       0
       0
       0
       0
       1
       0
       0
       1
       0
       0
       0
       0
       1
       0
       0
       0
       0
       0
       0
       0
       0
       0
       0
       0
       0
       0
       0
       0
       0
       0
       0
       0
       0
       0
       0
       0
       0
       0
       0
       0
       0
       0
       0
       0
       0
       0
       0
       0
       0
       0
       0
       0
       0
       0
       0
       0
       0
       0
       0
       0
       0
       0
       0
       0
       0
       0
       0
       1
       0
       1
       1
       0
       0
       1
       0
       0
       1
       1
       0
       0
       0
       1
       0
       0
       0
       0
       0
       0
       0
       0
       0
       0
       0
       0
       0
       0
       0
       0
       0
       0
       0
       0
       0
       0
       0
       0
       0
       0
       0
       0
       0
       0
       0
       0
       0
       0
       0
       0
       0
       0
       1
       0
       1
       0
       1
       0
       0
       0
       0
       0
       0
       0
       0
       0
       0
       0
       0
       1
       0
       0
       0
       0
       0
       0
       0
       0
       0
       0
       0
       0
       0
       0
       0
       0
       0
       0
       0
       0
       0
       0
       0
       0
       1
       0
       0
       0
       0
       0
       0
       0
       0
       0
       0
       0
       0
       0
       0
       0
       0
       0
       0
       0
       0
       0
       0
       0
       0
       0
       0
       0
       1
       0
       0
       0
       0
       0
       0
       0
       0
       0
       0
       0
       1
       0
       0
       0
       1
       0
       0
       0
       0
       0
       0
       0
       0
       0
       0
       0
       0
       0
       0
       0
       0
       0
       0
       0
       0
       0
       0
       0
       0
       0
       1
       0
       0
       0
       0
       0
       0
       0
       0
       0
       0
       0
       2
       0
       0
       0
       0
       0
       0
       0
       0
       0
       0
       0
       0
       0
       0
       0
       0
       0
       1
       0
       0
       0
       0
       0
       0
       0
       0
       0
       0
       0
       1
       0
       0
       0
       1
       0
       0
       0
       0
       0
       0
       0
       0
       0
       0
       0
       0
       0
       0
       0
       0
       0
       0
       0
       0
       0
       0
       0
       0
       0
       0
       0
       0
       0
       0
       0
       0
       0
       0
       0
       0
       0
       2
       0
       0
       0
       0
       0
       1
       0
       0
       0
       0
       0
       0
       1
       0
       1
       0
       0
       0
       0
       0
       0
       0
       0
       0
       0
       1
       0
       0
       0
       0
       0
       0
       0
       0
       0
       0
       0
       0
       0
       0
       0
       0
       0
       1
       0
       0
       0
       0
       0
       0
       0
       0
       0
       1
       0
       0
       0
       0
       0
       0
       0
       0
       0
       0
       0
       0
       0
       1
       0
       0
       0
       0
       0
       0
       0
       0
       0
       0
       0
       0
       0
       0
       1
       0
       0
       0
       0
       0
       0
       0
       0
       0
       0
       0
       0
       0
       0
       0
       0
       0
       1
       0
       2
       0
       0
       0
       0
       0
       0
       2
       0
       0
       0
       0
       0
       0
       0
       0
       1
       0
       0
       0
       0
       0
       0
       1
       0
       0
       1
       0
       1
       0
       0
       1
       0
       0
       0
       0
       0
       0
       0
       1
       0
       1
       0
       0
       0
       0
       0
       0
       0
       0
       0
       0
       0
       0
       0
       1
       1
       1
       0
       0
       0
       0
       0
       0
       0
       0
       0
       0
       0
       0
       0
       0
       0
       1
       1
       0
       0
       0
       0
       0
       0
       1
       0
       0
       0
       0
       0
       0
       0
       0
       0
       0
       0
       0
       0
       0
       0
       0
       0
       0
       0
       0
       0
       0
       0
       0
       0
       0
       0
       0
       0
       0
       0
       0
       0
       0
       0
       0
       0
       0
       0
       0
       0
       0
       0
       0
       0
       0
       0
       0
       0
       0
       0
       1
       0
       0
       0
       0
       0
       0
       1
       0
       0
       0
       0
       1
       0
       0
       0
       0
       0
       0
       0
       0
       0
       0
       0
       0
       0
       0
       0
       0
       0
       1
       0
       1
       0
       0
       0
       0
       0
       0
       0
       0
       1
       0
       1
       0
       0
       0
       0
       0
       0
       0
       0
       0
       1
       0
       0
       0
       0
       0
       0
       0
       0
       0
       0
       0
       0
       0
       0
       0
       0
       0
       0
       0
       0
       0
       0
       1
       0
       0
       0
       0
       0
       0
       0
       0
       0
       0
       0
       0
       0
       1
       0
       0
       0
       0
       0
       0
       1
       0
       0
       0
       0
       0
       0
       1
       0
       0
       0
       0
       0
       0
       0
       0
       0
       1
       0
       0
       0
       0
       0
       0
       0
       0
       0
       0
       0
       0
       1
       0
       0
       0
       0
       0
       0
       0
       2
       0
       0
       0
       1
       0
       0
       2
       0
       1
       0
       1
       0
       1
       1
       3
       0
       0
       0
       0
       0
       0
       0
       0
       0
       0
       0
       0
       0
       0
       0
       0
       0
       0
       0
       0
       0
       0
       1
       0
       0
       0
       0
       0
       0
       0
       0
       0
       0
       0
       0
       0
       0
       0
       0
       0
       0
       0
       0
       0
       0
       0
       0
       0
       0
       0
       0
       0
       0
       0
       0
       0
       1
       0
       0
       0
       0
       0
       0
       0
       0
       0
       0
       0
       0
       0
       0
       0
       0
       0
       0
       0
       0
       0
       0
       0
       0
       0
       0
       0
       0
       0
       0
       0
       0
       0
       0
       0
       0
       0
       1
       0
       0
       0
       0
       0
       0
       0
       0
       1
       0
       0
       0
       0
       0
       0
       1
       0
       0
       0
       0
       0
       0
       0
       0
       0
       0
       0
       0
       1
       0
       0
       0
       0
       0
       0
       0
       0
       0
       0
       0
       1
       0
       0
       0
       0
       0
       0
       0
       0
       0
       0
       0
       0
       0
       1
       0
       1
       0
       0
       0
       0
       0
       0
       0
       0
       0
       0
       0
       0
       0
       0
       0
       0
       0
       0
       0
       0
       0
       0
       0
       0
       0
       0
       0
       0
       0
       0
       0
       0
       0
       0
       0
       1
       0
       0
       1
       1
       0
       0
       0
       0
       0
       0
       0
       0
       0
       1
       0
       0
       0
       0
       0
       1
       0
       0
       0
       0
       0
       0
       0
       0
       0
       0
       0
       0
       0
       0
       0
       0
       0
       0
       0
       0
       0
       0
       0
       0
       0
       0
       0
       1
       1
       0
       0
       0
       0
       0
       0
       0
       0
       0
       0
       0
       0
       0
       0
       0
       0
       0
       1
       0
       0
       0
       0
       0
       0
       0
       0
       0
       0
       0
       0
       0
       0
       0
       0
       0
       0
       0
       1
       0
       0
       0
       0
       0
       0
       0
       0
       0
       0
       0
       0
       0
       0
       0
       0
       0
       0
       0
       1
       0
       0
       0
       0
       0
       0
       0
       0
       1
       1
       0
       0
       0
       0
       0
       0
       0
       1
       0
       1
       1
       0
       0
       1
       0
       0
       0
       0
       0
       0
       0
       0
       0
       0
       0
       0
       0
       0
       0
       0
       0
       0
       0
       0
       0
       0
       0
       0
       0
       0
       0
       0
       0
       0
       0
       1
       0
       0
       0
       0
       0
       0
       0
       0
       0
       0
       0
       0
       0
       0
       0
       0
       0
       0
       0
       0
       0
       0
       0
       0
       0
       0
       0
       0
       0
       0
       0
       1
       0
       0
       0
       0
       0
       0
       0
       0
       0
       0
       0
       1
       0
       1
       0
       0
       0
       0
       0
       0
       0
       0
       0
       0
       0
       0
       0
       0
       0
       0
       0
       0
       0
       0
       0
       0
       1
       1
       0
       0
       0
       0
       0
       0
       0
       0
       1
       0
       0
       0
       0
       0
       0
       0
       0
       0
       0
       2
       0
       0
       0
       0
       0
       0
       0
       0
       0
       0
       0
       0
       0
       0
       0
       0
       0
       0
       0
       0
       0
       0
       0
       1
       0
       0
       0
       0
       0
       0
       0
       0
       0
       0
       0
       0
       0
       0
       0
       0
       0
       1
       0
       0
       0
       0
       0
       0
       0
       0
       0
       0
       0
       0
       0
       0
       0
       0
       0
       0
       0
       0
       0
       0
       0
       0
       0
       0
       1
       0
       0
       0
       0
       0
       0
       0
       0
       0
       0
       0
       0
       0
       0
       0
       0
       0
       0
       0
       0
       0
       0
       0
       0
       0
       0
       0
       0
       0
       1
       0
       0
       0
       0
       0
       0
       0
       0
       1
       0
       0
       0
       1
       0
       0
       0
       0
       0
       0
       0
       0
       0
       0
       0
       0
       0
       0
       0
       0
       0
       0
       0
       0
       0
       0
       0
       0
       0
       0
       0
       1
       0
       0
       0
       0
       0
       0
       0
       0
       0
       0
       0
       0
       0
       0
       0
       0
       0
       1
       0
       0
       0
       0
       0
       0
       0
       0
       0
       0
       0
       0
       0
       0
       0
       0
       0
       1
       0
       1
       0
       0
       0
       0
       0
       0
       0
       0
       0
       0
       0
       0
       0
       0
       0
       0
       0
       0
       0
       0
       0
       0
       0
       0
       0
       0
       0
       0
       0
       0
       0
       1
       0
       0
       1
       0
       0
       0
       0
       0
       0
       0
       2
       1
       1
       0
       0
       0
       0
       0
       0
       0
       0
       0
       0
       0
       0
       0
       0
       0
       0
       0
       0
       0
       0
       0
       0
       0
       0
       0
       0
       0
       0
       0
       0
       0
       0
       0
       0
       0
       0
       0
       0
       0
       0
       0
       0
       0
       0
       0
       0
       0
       0
       0
       0
       0
       0
       0
       0
       0
       0
       0
       1
       0
       0
       0
       0
       0
       0
       0
       0
       0
       0
       0
       0
       0
       0
       0
       0
       0
       1
       0
       0
       0
       0
       0
       0
       0
       0
       0
       0
       0
       0
       0
       0
       0
       0
       0
       0
       1
       0
       0
       0
       0
       0
       0
       0
       0
       0
       0
       0
       0
       0
       0
       0
       0
       0
       0
       0
       0
       0
       0
       0
       0
       0
       1
       0
       0
       0
       0
       0
       0
       0
       0
       0
       0
       0
       0
       0
       0
       0
       0
       0
       0
       0
       0
       0
       0
       0
       0
       0
       0
       0
       0
       0
       0
       0
       0
       0
       0
       0
       0
       0
       0
       0
       0
       0
       0
       0
       1
       0
       0
       0
       0
       0
       0
       0
       0
       0
       0
       0
       0
       0
       0
       0
       0
       0
       0
       0
       0
       0
       0
       0
       0
       0
       0
       0
       0
       0
       0
       0
       0
       0
       0
       0
       0
       0
       0
       0
       0
       0
       0
       0
       0
       0
       0
       0
       0
       0
       0
       0
       0
       0
       0
       0
       0
       0
       0
       0
       0
       0
       0
       0
       0
       0
       0
       0
       0
       0
       0
       0
       0
       0
       0
       0
       1
       0
       0
       0
       0
       0
       0
       0
       0
       0
       0
       0
       1
       0
       0
       0
       0
       0
       0
       0
       0
       0
       0
       0
       0
       0
       0
       0
       0
       0
       0
       0
       0
       0
       0
       0
       0
       0
       0
       0
       0
       0
       0
       0
       0
       0
       0
       0
       0
       0
       0
       0
       0
       0
       0
       0
       0
       0
       0
       0
       0
       0
       1
       0
       0
       0
       0
       0
       0
       0
       0
       0
       0
       0
       0
       0
       0
       0
       0
       0
       0
       0
       0
       0
       0
       0
       0
       0
       0
       0
       0
       0
       0
       0
       0
       0
       0
       0
       0
       0
       0
       0
       0
       0
       0
       0
       0
       0
       0
       0
       0
       0
       0
       0
       0
       0
       0
       0
       0
       0
       0
       0
       0
       0
       0
       0
       0
       0
       0
       0
       0
       0
       0
       0
       0
       0
       0
       0
       0
       0
       0
       0
       0
       0
       0
       0
       0
       0
       0
       0
       0
       0
       0
       0
       0
       0
       0
       0
       0
       0
       0
       0
       0
       0
       0
       0
       0
       0
       0
       0
       0
       0
       0
       0
       0
       2
       0
       0
       0
       0
       0
       0
       0
       0
       0
       0
       0
       0
       0
       0
       0
       0
       0
       0
       0
       0
       0
       0
       0
       0
       0
       0
       1
       0
       1
       1
       3
       2
       1
       2
       0
       2
       4
       3
       2
       3
       2
       2
       2
       1
       0
       2
       1
       0
       0
       0
       0
       0
       0
       0
       0
       0
       0
       0
       0
       0
       0
       0
       0
       0
       0
       0
       0
       0
       0
       0
       0
       0
       0
       0
       0
       0
       0
       0
       0
       0
       0
       0
       0
       0
       0
       0
       0
       0
       0
       0
       0
       0
       0
       0
       0
       0
       0
       0
       0
       0
       0
       0
       0
       0
       0
       0
       0
       0
       0
       0
       0
       0
       0
       0
       0
       0
       0
       0
       0
       0
       0
       0
       0
       0
       0
       0
       0
       0
       0
       0
       0
       0
       0
       0
       0
       0
       0
       0
       0
       0
       0
       0
       0
       0
       0
       0
       0
       0
       0
       0
       0
       0
       0
       0
       0
       0
       0
       0
       0
       0
       0
       0
       0
       0
       0
       0
       0
       0
       0
       0
       0
       0
       0
       0
       0
       0
       0
       0
       0
       0
       0
       0
       0
       0
       0
       0
       0
       0
       0
       0
       0
       0
       0
       0
       0
       0
       0
       0
       0
       0
       0
       0
       0
       0
       0
       0
       0
       0
       0
       0
       0
       0
       0
       0
       0
       0
       0
       0
       0
       0
       0
       0
       0
       0
       0
       0
       0
       0
       0
       0
       0
       0
       0
       0
       0
       0
       0
       0
       0
       0
       0
       0
       0
       0
       0
       0
       0
       0
       0
       0
       0
       0
       0
       0
       0
       0
       0
       0
       0
       0
       0
       0
       0
       0
       0
       0
       0
       0
       0
       0
       0
       0
       0
       0
       0
       0
       0
       0
       0
       0
       0
       0
       0
       0
       0
       0
       0
       0
       0
       0
       0
       0
       0
       0
       0
       0
       0
       0
       0
       0
       0
       0
       0
       0
       0
       0
       0
       0
       0
       0
       0
       0
       0
       0
       0
       0
       0
       0
       0
       0
       0
       0
       0
       0
       0
       0
       0
       0
       0
       0
       0
       0
       0
       0
       0
       0
       0
       0
       0
       0
       0
       0
       0
       0
       0
       0
       0
       0
       0
       0
       0
       0
       0
       0
       0
       0
       0
       0
       0
       0
       0
       0
       0
       0
       0
       0
       0
       0
       0
       0
       0
       0
       0
       0
       0
       0
       0
       0
       0
       0
       0
       0
       0
       0
       0
       0
       0
       0
       0
       0
       0
       0
       0
       0
       0
       0
       0
       0
       0
       0
       0
       0
       0
       0
       0
       0
       0
       0
       0
       0
       0
       0
       0
       0
       0
       0
       0
       0
       0
       0
       0
       0
       0
       0
       0
       0
       0
       0
       0
       0
       0
       0
       0
       0
       0
       0
       0
       0
       0
       0
       0
       0
       0
       0
       0
       0
       0
       0
       0
       0
       0
       0
       0
       0
       0
       0
       0
       0
       0
       0
       0
       0
       0
       0
       0
       0
       0
       0
       0
       0
       0
       0
       0
       0
       0
       0
       0
       0
       0
       0
       0
       0
       0
       0
       0
       0
       0
       0
       0
       0
       0
       0
       0
       0
       0
       0
       0
       0
       0
       0
       0
       0
       0
       0
       0
       0
       0
       0
       0
       0
       0
       0
       0
       0
       0
       0
       0
       0
       0
       0
       0
       0
       0
       0
       0
       0
       0
       0
       0
       0
       0
       0
       0
       0
       0
       0
       0
       0
       0
       0
       0
       0
       0
       0
       0
       0
       0
       0
       0
       0
       0
       0
       0
       0
       0
       0
       0
       0
       0
       0
       0
       0
       0
       0
       0
       0
       0
       0
       0
       0
       0
       0
       0
       0
       0
       0
       0
       0
       0
       0
       0
       0
       0
       0
       0
       0
       0
       0
       0
       0
       0
       0
       0
       0
       0
       0
       0
       0
       0
       0
       0
       0
       0
       0
       0
       0
       0
       0
       0
       0
       0
       0
       0
       0
       0
       0
       0
       0
       0
       0
       0
       0
       0
       0
       0
       0
       0
       0
       0
       0
       0
       0
       0
       0
       0
       0
       0
       0
       0
       0
       0
       0
       0
       0
       0
       0
       0
       0
       0
       0
       0
       0
       0
       0
       0
       0
       0
       0
       0
       0
       0
       0
       0
       0
       0
       0
       0
       0
       0
       0
       0
       0
       0
       0
       0
       0
       0
       0
       0
       0
       0
       0
       0
       0
       0
       0
       0
       0
       0
       0
       0
       0
       0
       0
       0
       0
       0
       0
       0
       0
       0
       0
       0
       0
       0
       0
       0
       0
       0
       0
       0
       0
       0
       0
       0
       0
       0
       0
       0
       0
       0
       0
       0
       0
       0
       0
       0
       0
       0
       0
       0
       0
       0
       0
       0
       0
       0
       0
       0
       0
       0
       0
       0
       0
       0
       0
       0
       0
       0
       0
       0
       0
       0
       0
       0
       0
       0
       0
       0
       0
       0
       0
       0
       0
       0
       0
       0
       0
       0
       0
       0
       0
       0
       0
       0
       0
       0
       0
       0
       0
       0
       0
       0
       0
       0
       0
       0
       0
       0
       0
       0
       0
       0
       0
       0
       0
       0
       0
       0
       0
       0
       0
       0
       0
       0
       0
       0
       0
       0
       0
       0
       0
       0
       0
       0
       0
       0
       0
       0
       0
       0
       0
       0
       0
       0
       0
       0
       0
       0
       0
       0
       0
       0
       0
       0
       0
       0
       0
       0
       0
       0
       0
       0
       0
       0
       0
       0
       0
       0
       0
       0
       0
       0
       0
       0
       0
       0
       0
       0
       0
       0
       0
       0
       0
       0
       0
       1
       0
       0
       0
       0
       0
       0
       0
       0
       0
       0
       0
       0
       0
       0
       0
       0
       0
       0
       0
       0
       0
       0
       0
       0
       0
       0
       0
       0
       0
       0
       0
       0
       0
       0
       0
       0
       0
       0
       0
       0
       0
       0
       0
       0
       0
       0
       0
       0
       0
       0
       0
       0
       0
       0
       0
       0
       0
       0
       0
       0
       0
       0
       0
       0
       0
       0
       0
       0
       0
       0
       0
       0
       0
       0
       0
       0
       0
       0
       0
       0
       0
       0
       0
       0
       0
       0
       0
       0
       0
       0
       0
       0
       0
       0
       0
       0
       0
       0
       0
       0
       0
       0
       0
       0
       0
       0
       0
       0
       0
       0
       0
       0
       0
       0
       0
       0
       0
       0
       0
       0
       0
       0
       0
       0
       0
       0
       0
       0
       0
       0
       0
       0
       0
       0
       0
       0
       0
       0
       0
       0
       0
       0
       0
       0
       0
       0
       0
       0
       0
       0
       0
       0
       0
       0
       0
       0
       0
       0
       1
       0
       0
       0
       0
       0
       0
       0
       0
       0
       0
       0
       0
       0
       0
       0
       0
       0
       0
       0
       0
       0
       0
       0
       0
       0
       0
       0
       0
       0
       0
       0
       0
       0
       0
       0
       0
       0
       0
       0
       0
       0
       0
       0
       0
       0
       0
       0
       0
       0
       0
       0
       0
       0
       0
       0
       0
       0
       0
       0
       0
       0
       0
       0
$ROI:
7
748 762
1796 1817
3303 3321
3539 3556
3832 3857
3937 4042
7053 7203
$PRESETS:
None
0
0
$ENER_FIT:
0.369260 0.365870
$MCA_CAL:
3
3.692600E-001 3.658700E-001 4.208100E-008 keV
$SHAPE_CAL:
3
3.291200E+000 7.847500E-004 -2.769900E-008
