$SPEC_ID:
No sample description was entered.
$SPEC_REM:
DET# 2
DETDESC# CHI MCB 340
AP# GammaVision Version 6.09
$DATE_MEA:
04/05/2023 17:11:41
$MEAS_TIM:
562 588
$DATA:
0 8191
     329
     366
     387
     442
     523
     505
     542
     531
     492
     497
     473
     490
     438
     455
     492
     462
     442
     425
     480
     419
     431
     453
     436
     446
     416
     427
     458
     495
     510
     487
     520
     534
     531
     538
     541
     543
     562
     573
     622
     598
     672
     674
     677
     751
     761
     849
     886
     820
     992
     993
    1036
    1086
    1119
    1251
    1254
    1379
    1422
    1367
    1501
    1579
    1638
    1660
    1721
    1766
    1752
    1720
    1829
    1799
    1797
    1762
    1697
    1682
    1704
    1593
    1549
    1567
    1528
    1477
    1336
    1331
    1268
    1220
    1182
    1223
    1177
    1059
    1027
     991
    1006
     992
     909
     882
     867
     906
     860
     853
     830
     805
     840
     764
     802
     731
     789
     750
     803
     771
     804
     754
     796
     792
     728
     746
     779
     800
     800
     807
     798
     878
     829
     857
     858
     918
     891
     877
     900
     965
     867
     956
     921
     962
     955
     940
     977
     955
     964
    1009
     956
     972
    1046
    1044
    1019
    1095
    1104
    1046
    1090
    1105
    1164
    1155
    1171
    1239
    1212
    1186
    1201
    1215
    1202
    1257
    1262
    1305
    1262
    1328
    1335
    1337
    1327
    1407
    1463
    1407
    1406
    1391
    1450
    1443
    1488
    1567
    1447
    1528
    1494
    1498
    1479
    1608
    1517
    1616
    1610
    1609
    1673
    1630
    1642
    1729
    1717
    1728
    1770
    1744
    1757
    1791
    1797
    1828
    1763
    1823
    1799
    1846
    1800
    1850
    1903
    1892
    1866
    1923
    1900
    1963
    1953
    1994
    1970
    1928
    1830
    1988
    1933
    1892
    1960
    1991
    2003
    1956
    1978
    2043
    1978
    2037
    2028
    2058
    2069
    2051
    2117
    2038
    2109
    2008
    2181
    2025
    2021
    2088
    2000
    2111
    2191
    2069
    2135
    2097
    2154
    2129
    2091
    2161
    2091
    2089
    2118
    2111
    2186
    2108
    2199
    2098
    2189
    2126
    2148
    2143
    2144
    2194
    2091
    2254
    2134
    2134
    2137
    2166
    2088
    2179
    2206
    2245
    2079
    2235
    2149
    2237
    2158
    2139
    2096
    2242
    2146
    2205
    2163
    2226
    2148
    2180
    2203
    2219
    2167
    2058
    2148
    2204
    2257
    2233
    2119
    2188
    2206
    2200
    2137
    2220
    2225
    2186
    2214
    2215
    2195
    2135
    2247
    2254
    2189
    2133
    2202
    2119
    2198
    2204
    2203
    2184
    2197
    2180
    2142
    2129
    2235
    2189
    2190
    2149
    2294
    2159
    2215
    2181
    2163
    2182
    2171
    2089
    2194
    2189
    2185
    2240
    2129
    2083
    2143
    2101
    2187
    2213
    2086
    2094
    2103
    2110
    2253
    2148
    2188
    2155
    2115
    2148
    2094
    2098
    2055
    2067
    2127
    2046
    2065
    2090
    2179
    2102
    2101
    2108
    2101
    1979
    2053
    1932
    2071
    2035
    2060
    2106
    2057
    2034
    2066
    1991
    2062
    2054
    1970
    2073
    2069
    2001
    1985
    2131
    1932
    1955
    1985
    1976
    1976
    2113
    1971
    1901
    1930
    1956
    1929
    1901
    1963
    1976
    2066
    1948
    1906
    1931
    1912
    1948
    1948
    1942
    1987
    2006
    1896
    1988
    1900
    1935
    1867
    1956
    1975
    1856
    1900
    1778
    1943
    1938
    1989
    1809
    1912
    1886
    1933
    1814
    1883
    1858
    1855
    1950
    1889
    1931
    1856
    1979
    1842
    1913
    1800
    1853
    1842
    1869
    1872
    1867
    1911
    1864
    1839
    1885
    1862
    1859
    1835
    1893
    1845
    1899
    1905
    1857
    1781
    1903
    1865
    1915
    1894
    1887
    1946
    1811
    1964
    1923
    1973
    1852
    1875
    1832
    1877
    1814
    1939
    1910
    1835
    1821
    1877
    1855
    1941
    1786
    1839
    1836
    1871
    1917
    1801
    1757
    1805
    1829
    1825
    1820
    1854
    1766
    1768
    1860
    1832
    1772
    1774
    1787
    1800
    1815
    1769
    1823
    1813
    1804
    1778
    1768
    1762
    1691
    1701
    1695
    1741
    1712
    1765
    1821
    1661
    1720
    1679
    1626
    1781
    1767
    1685
    1743
    1772
    1708
    1751
    1762
    1694
    1772
    1744
    1718
    1700
    1726
    1775
    1641
    1668
    1705
    1730
    1754
    1671
    1702
    1636
    1660
    1728
    1720
    1703
    1674
    1660
    1635
    1710
    1697
    1660
    1652
    1669
    1739
    1641
    1704
    1684
    1682
    1655
    1618
    1618
    1612
    1610
    1581
    1554
    1655
    1570
    1561
    1587
    1605
    1627
    1600
    1618
    1570
    1540
    1602
    1551
    1530
    1531
    1535
    1565
    1496
    1494
    1578
    1536
    1504
    1561
    1485
    1481
    1458
    1460
    1455
    1465
    1549
    1530
    1481
    1479
    1454
    1449
    1491
    1352
    1429
    1413
    1424
    1379
    1375
    1421
    1403
    1391
    1392
    1406
    1424
    1405
    1403
    1390
    1403
    1361
    1294
    1348
    1377
    1345
    1425
    1332
    1318
    1384
    1354
    1317
    1298
    1286
    1314
    1245
    1318
    1284
    1299
    1211
    1295
    1288
    1216
    1274
    1250
    1250
    1287
    1251
    1214
    1195
    1261
    1206
    1176
    1198
    1232
    1185
    1186
    1152
    1223
    1213
    1224
    1237
    1221
    1161
    1241
    1185
    1154
    1219
    1150
    1250
    1209
    1138
    1213
    1168
    1100
    1158
    1168
    1140
    1235
    1162
    1109
    1118
    1153
    1180
    1076
    1141
    1110
    1161
    1125
    1097
    1071
    1132
    1099
    1070
    1059
    1082
    1059
    1122
    1121
    1083
    1132
    1056
    1092
    1052
    1096
    1059
    1030
    1027
    1042
    1068
    1002
    1076
    1068
    1049
    1012
     985
    1028
    1052
    1095
    1040
    1028
    1017
    1015
    1038
     979
     943
     988
     996
     991
    1024
     961
     980
    1007
     932
     971
     957
     978
     958
     933
     908
     940
     925
     916
     967
     904
     968
     889
     913
     884
     871
     899
     963
     918
     918
     904
     908
     851
     914
     898
     919
     835
     901
     893
     915
     899
     867
     874
     860
     904
     886
     898
     864
     881
     831
     857
     858
     856
     830
     855
     855
     833
     825
     841
     890
     817
     873
     788
     848
     849
     883
     829
     879
     836
     858
     868
     809
     837
     879
     861
     830
     845
     872
     804
     803
     850
     856
     802
     816
     803
     829
     837
     767
     838
     808
     805
     791
     795
     778
     832
     840
     780
     809
     849
     825
     774
     805
     805
     776
     830
     814
     809
     819
     774
     781
     776
     809
     864
     785
     803
     751
     794
     794
     779
     733
     720
     739
     796
     774
     777
     734
     761
     732
     720
     812
     697
     759
     723
     828
     735
     677
     832
     785
     765
     684
     757
     744
     767
     747
     754
     727
     700
     729
     738
     730
     755
     721
     736
     716
     715
     679
     688
     672
     716
     733
     735
     740
     727
     685
     711
     685
     731
     746
     733
     776
     696
     719
     677
     728
     699
     704
     730
     695
     682
     726
     703
     717
     596
     699
     749
     685
     662
     690
     705
     696
     708
     694
     690
     748
     737
     679
     685
     712
     732
     677
     697
     709
     674
     716
     690
     748
     695
     651
     695
     711
     715
     668
     735
     679
     698
     688
     661
     713
     660
     702
     722
     702
     689
     693
     679
     692
     694
     693
     695
     678
     739
     733
     639
     636
     702
     738
     733
     688
     708
     744
     699
     702
     654
     727
     709
     670
     717
     734
     723
     664
     679
     671
     744
     675
     673
     728
     676
     673
     669
     697
     695
     701
     681
     641
     685
     672
     669
     643
     657
     662
     670
     683
     670
     689
     663
     668
     650
     663
     654
     709
     656
     644
     649
     637
     669
     632
     640
     608
     575
     680
     645
     662
     596
     620
     624
     617
     597
     575
     609
     606
     585
     649
     640
     592
     629
     645
     606
     614
     603
     575
     609
     565
     580
     646
     652
     676
     641
     559
     607
     640
     614
     599
     584
     552
     558
     664
     558
     576
     602
     601
     578
     591
     543
     599
     558
     609
     576
     595
     557
     601
     564
     542
     553
     535
     589
     594
     566
     573
     585
     581
     564
     546
     610
     562
     565
     609
     576
     580
     584
     555
     557
     607
     548
     581
     570
     545
     537
     554
     563
     531
     575
     502
     552
     558
     542
     560
     581
     533
     536
     588
     591
     557
     549
     545
     526
     547
     548
     569
     576
     555
     505
     558
     577
     588
     536
     524
     581
     545
     527
     533
     534
     531
     552
     533
     530
     536
     529
     547
     553
     565
     556
     546
     562
     585
     567
     574
     550
     541
     556
     574
     542
     510
     606
     521
     546
     553
     532
     573
     550
     563
     501
     541
     582
     560
     596
     566
     527
     549
     560
     562
     556
     542
     511
     546
     560
     580
     546
     528
     537
     502
     541
     569
     540
     535
     540
     560
     531
     544
     563
     514
     592
     527
     525
     574
     575
     562
     572
     526
     539
     519
     494
     544
     515
     538
     539
     545
     504
     507
     559
     507
     492
     499
     539
     510
     502
     539
     539
     539
     506
     496
     572
     536
     531
     521
     511
     506
     532
     520
     563
     520
     510
     557
     525
     508
     563
     582
     550
     551
     519
     535
     506
     525
     508
     508
     543
     533
     548
     477
     491
     488
     495
     499
     519
     498
     511
     521
     535
     490
     524
     496
     475
     519
     508
     528
     528
     535
     520
     519
     500
     483
     518
     511
     524
     470
     472
     478
     462
     508
     460
     500
     479
     467
     487
     469
     470
     472
     457
     470
     486
     458
     479
     525
     500
     479
     460
     480
     473
     444
     448
     475
     469
     447
     447
     444
     511
     454
     431
     490
     419
     462
     454
     482
     450
     433
     470
     425
     440
     454
     470
     411
     449
     429
     464
     438
     455
     459
     399
     426
     426
     434
     450
     454
     423
     416
     424
     399
     460
     428
     415
     430
     403
     434
     445
     408
     392
     406
     402
     436
     414
     387
     389
     397
     423
     396
     421
     397
     400
     409
     404
     372
     381
     391
     417
     408
     384
     400
     410
     364
     398
     431
     404
     397
     418
     387
     413
     410
     390
     382
     410
     394
     395
     376
     408
     408
     404
     379
     404
     373
     386
     369
     375
     389
     394
     400
     375
     382
     401
     396
     393
     370
     342
     391
     366
     391
     395
     388
     320
     407
     378
     388
     379
     401
     402
     341
     350
     397
     355
     357
     378
     367
     371
     346
     393
     398
     392
     358
     353
     384
     343
     372
     388
     360
     354
     385
     370
     346
     368
     378
     374
     381
     376
     322
     354
     364
     322
     359
     394
     361
     364
     328
     323
     385
     318
     339
     367
     347
     351
     336
     380
     363
     337
     361
     349
     379
     340
     324
     344
     343
     368
     311
     356
     356
     344
     325
     349
     377
     345
     369
     325
     342
     334
     339
     342
     334
     339
     362
     299
     355
     334
     364
     313
     345
     347
     348
     316
     326
     303
     346
     343
     319
     322
     332
     349
     317
     324
     317
     335
     337
     309
     319
     320
     321
     327
     325
     310
     318
     325
     334
     313
     304
     314
     302
     318
     317
     288
     289
     355
     354
     281
     327
     356
     324
     336
     314
     305
     361
     308
     337
     320
     345
     327
     324
     334
     303
     316
     300
     338
     312
     291
     352
     303
     349
     304
     336
     322
     322
     345
     336
     332
     328
     312
     324
     315
     322
     305
     332
     331
     386
     320
     320
     335
     319
     323
     315
     311
     327
     346
     310
     320
     342
     339
     325
     328
     329
     365
     306
     368
     285
     335
     340
     346
     347
     345
     343
     325
     328
     339
     340
     346
     359
     337
     305
     346
     324
     327
     334
     324
     370
     327
     330
     345
     345
     329
     356
     355
     358
     355
     320
     313
     326
     342
     308
     345
     395
     336
     362
     373
     369
     375
     376
     315
     377
     363
     376
     360
     385
     376
     375
     355
     392
     348
     405
     424
     381
     398
     419
     408
     420
     426
     407
     414
     429
     402
     437
     419
     424
     452
     428
     422
     459
     464
     456
     428
     481
     476
     483
     488
     468
     493
     468
     496
     523
     550
     567
     598
     520
     564
     544
     641
     562
     619
     647
     630
     629
     653
     617
     642
     670
     639
     683
     688
     740
     715
     724
     783
     750
     757
     768
     866
     787
     877
     844
     897
     897
     905
     944
     902
    1000
     963
     958
     967
    1056
    1063
    1027
     997
    1092
    1138
    1161
    1130
    1207
    1187
    1282
    1293
    1265
    1322
    1312
    1337
    1263
    1445
    1434
    1456
    1378
    1423
    1529
    1613
    1524
    1608
    1646
    1547
    1727
    1766
    1682
    1710
    1676
    1836
    1826
    1803
    1842
    1909
    1919
    1913
    1957
    1925
    1994
    2018
    2036
    2147
    2102
    2179
    2065
    2110
    2153
    2178
    2211
    2275
    2290
    2396
    2263
    2321
    2395
    2391
    2355
    2390
    2407
    2435
    2499
    2549
    2462
    2518
    2527
    2592
    2493
    2569
    2591
    2667
    2698
    2669
    2664
    2590
    2692
    2686
    2671
    2623
    2644
    2670
    2682
    2692
    2712
    2709
    2714
    2719
    2676
    2644
    2666
    2719
    2716
    2744
    2739
    2706
    2636
    2586
    2577
    2692
    2599
    2607
    2636
    2700
    2684
    2650
    2736
    2667
    2608
    2605
    2605
    2670
    2609
    2571
    2530
    2514
    2477
    2461
    2408
    2488
    2390
    2390
    2328
    2438
    2341
    2343
    2252
    2201
    2193
    2219
    2167
    2245
    2174
    2072
    2096
    2029
    2142
    2013
    1967
    2006
    1963
    1868
    1953
    1851
    1818
    1772
    1736
    1724
    1734
    1663
    1789
    1675
    1655
    1632
    1548
    1589
    1549
    1480
    1584
    1466
    1475
    1451
    1357
    1322
    1264
    1322
    1284
    1267
    1220
    1266
    1207
    1124
    1120
    1157
    1048
    1109
    1068
    1141
    1047
    1062
    1040
     930
     989
     889
     912
     934
     866
     896
     856
     850
     790
     761
     725
     758
     764
     699
     666
     688
     648
     692
     673
     699
     572
     622
     603
     571
     550
     558
     548
     565
     524
     456
     494
     517
     455
     450
     439
     463
     448
     450
     395
     409
     405
     393
     351
     403
     376
     372
     352
     330
     311
     326
     335
     332
     311
     290
     302
     309
     284
     303
     293
     273
     264
     268
     280
     264
     294
     246
     252
     251
     247
     242
     226
     238
     221
     244
     226
     216
     238
     211
     226
     225
     198
     200
     202
     204
     203
     219
     214
     207
     195
     198
     172
     199
     189
     182
     207
     184
     179
     182
     189
     160
     175
     174
     160
     162
     157
     169
     180
     164
     152
     153
     183
     134
     158
     166
     161
     142
     143
     181
     142
     170
     158
     158
     143
     165
     153
     141
     151
     153
     141
     148
     123
     160
     125
     130
     167
     133
     145
     137
     127
     136
     122
     162
     135
     155
     127
     129
     135
     128
     127
     138
     149
     143
     159
     150
     135
     137
     131
     155
     133
     132
     131
     127
     137
     120
     141
     146
     126
     141
     118
     134
     124
     127
     125
     130
     126
     119
     127
     110
     136
     115
     130
     122
     118
     125
     133
     130
     122
     126
     113
     125
     123
     125
     140
     122
     130
     121
     123
     130
     118
     122
     123
     128
     108
     110
     126
     107
     109
     129
     109
     114
     118
     130
     115
     118
     112
     113
     108
     113
     137
     141
     107
     140
     133
     119
     109
     109
     118
     106
     109
     104
     122
     116
     107
     119
     122
     115
      98
     127
     112
     113
     110
     124
     103
     101
     102
     116
     110
     137
     119
     116
     119
     106
     112
     104
     129
     104
     117
     113
     113
     101
      95
     104
      98
     115
     114
     124
     114
     128
     131
     106
     114
     115
     124
      97
     137
     110
     109
     104
     112
      98
      93
      97
     108
     116
      97
     121
     106
     100
     104
     112
     102
     103
     120
     138
     108
     108
     117
      99
     119
     107
     132
      89
     110
      97
     103
     101
     102
     100
     106
     113
     103
      90
     124
     110
      91
     106
     114
     101
      86
      84
     106
     103
     109
     118
     101
     117
     132
     102
     110
      99
     102
     113
      89
     102
     100
     103
     111
      98
     103
     101
      97
      96
     118
      97
      96
     110
     110
      93
     129
     117
      97
     103
     108
     105
      89
     122
      94
      87
     100
      79
     122
     103
     122
      92
     103
     114
     115
     105
     101
      93
     101
     130
      85
      82
      99
     117
      94
     107
     102
     108
     106
     121
     102
     108
      98
      93
     106
     105
      97
      99
      80
     125
      86
      91
     116
     104
      98
     114
     111
      84
      98
     119
     101
      99
     109
     101
     111
     111
     112
     100
     106
     107
     104
     102
     112
     106
      99
     104
      95
      99
     115
     113
     113
      97
      95
     114
      99
     114
     102
     109
     100
     108
     112
     105
     111
     101
     105
      98
     108
     120
     105
     111
     132
      99
     142
     117
      93
     118
     105
     115
     100
     120
     102
     116
     111
     106
     120
     106
     102
     114
     108
      98
     103
     131
     117
     114
      99
      99
     107
      99
     120
     103
     116
     124
     121
     118
      90
     130
     106
      92
     106
     108
     125
     115
      98
      93
     120
     118
     114
     129
     108
     119
      99
      94
     106
     112
     120
     127
     102
     129
     124
     125
     120
     140
     109
     108
     110
     110
     118
     106
     129
     113
     113
     132
      87
     107
      91
     106
     122
     124
     120
     121
     133
     127
     110
     122
     123
     121
     105
     124
     126
     115
     126
     105
     111
     120
     119
     103
     112
     116
      89
     132
      88
     138
      97
     125
     106
     128
     118
     134
     137
      98
      99
      96
     113
     112
     110
     114
     100
     115
     101
     109
     107
     121
     104
     115
     107
     123
     117
     112
     126
      92
     125
     112
     114
     135
     114
     119
     111
     111
      97
     120
     115
     101
     104
     115
     126
     117
      93
     120
      98
      92
     102
     106
     114
     118
      99
     119
     111
     117
     116
     115
     120
     105
      98
     114
     114
      87
     118
     114
     102
      95
      86
      94
     115
      93
     101
      90
     101
      83
      96
     106
     111
     105
     105
     114
      93
      96
      97
      85
     116
     117
      88
      97
     103
     119
     114
     118
     112
      96
      98
     113
     126
      81
      96
     100
      85
     105
      89
     106
      84
     101
     115
     103
     106
     111
      94
     107
     121
      85
     101
      98
     103
     108
     103
     101
     100
      96
      95
     113
      91
     103
      87
      85
      96
      99
      93
     101
      97
     112
      98
     110
      88
      89
     120
     107
     110
      74
      97
      87
      83
     109
      92
      90
      85
      95
      92
     102
      86
      83
      78
      87
      94
      97
      91
      98
      96
      92
      92
      69
      76
      97
     102
      71
      85
      96
      78
      78
      93
      96
      74
     105
      84
      83
      86
      85
      74
      90
      84
      76
      80
      85
      87
      85
      81
      73
      99
      84
      86
      69
      82
      75
      86
      72
      89
      70
      84
      73
      73
      71
      83
      73
      78
      81
      69
      71
      74
      74
      82
      77
      76
      75
      75
      68
      79
      70
      82
      70
      84
      68
      79
      84
      68
      68
      76
      76
      55
      78
      71
      67
      69
      78
      82
      69
      58
      79
      81
      75
      65
      97
      71
      67
      80
      78
      85
      85
      76
      68
      72
      82
      70
      70
      62
      65
      71
      59
      66
      85
      77
      73
      69
      85
      76
      77
      63
      81
      75
      64
      79
      67
      80
      76
      67
      77
      66
      80
      75
      78
      71
      67
      86
      65
      69
      75
      75
      66
      82
      71
      95
      92
      95
      76
      68
      73
      86
      69
      67
      85
      68
      73
      68
      72
      80
      67
      76
      90
      76
      77
      74
      82
      63
      83
      74
      96
      83
      68
      67
      81
     100
      71
      65
      72
      75
      79
      87
      85
      73
      76
      60
      86
      82
      78
      75
     100
      87
      89
      70
      72
      71
      82
      73
      74
      83
      85
      88
      98
      82
      75
      70
      82
      67
      83
      70
      72
      75
      86
      76
      72
      86
      76
      91
      90
     101
      80
      81
      73
      92
      78
      80
      65
      87
      91
     101
      95
      74
      92
      86
      81
      99
      93
      96
      98
      80
      94
      75
      85
      93
      77
      85
      73
      79
     104
      79
      81
      81
      88
      84
      87
      89
      72
      82
      97
      66
      80
      84
     102
      75
      89
     112
      76
      84
      84
      78
      85
      96
      87
      81
      79
      98
      76
      78
     104
      97
      89
      97
      75
      81
      92
      97
      78
      92
      72
      93
      72
      75
      80
      84
      85
     100
      80
      87
      88
      86
      91
      77
      72
      66
      96
      86
      91
      91
      83
      88
      92
      84
      88
      83
      70
      77
      83
     103
      83
      89
      90
      87
      84
      80
      75
      95
      80
      85
      79
      83
      82
      92
      73
      86
      95
      82
      84
      82
      83
      66
      87
      75
      88
      70
      90
      76
      79
      70
      86
      83
      81
      76
     107
      89
      85
      78
      82
      73
      73
      85
      85
      94
      94
      86
      74
      73
      92
      86
      76
      86
      78
      63
      70
      67
      69
      94
      78
      73
      87
      61
     100
      93
      60
     104
      73
      80
      87
      84
      67
      83
      72
      62
      69
      79
      68
      71
      78
      78
      76
      67
      71
      75
      74
      75
      79
      73
      82
      79
      64
      72
      77
      80
      77
      83
      70
      72
      73
      87
      77
      76
      81
      66
      69
      69
      50
      62
      65
      87
      70
      81
      75
      63
      73
      73
      81
      75
      70
      81
      74
      68
      77
      69
      71
      72
      77
      58
      66
      71
      76
      62
      71
      64
      73
      56
      70
      74
      67
      61
      73
      72
      71
      67
      66
      60
      85
      79
      64
      79
      77
      70
      70
      77
      51
      82
      67
      79
      77
      55
      64
      64
      64
      44
      68
      78
      66
      64
      63
      61
      64
      65
      74
      59
      69
      68
      54
      66
      70
      73
      71
      55
      58
      60
      65
      65
      74
      63
      70
      69
      51
      65
      66
      79
      50
      73
      56
      80
      70
      72
      62
      54
      64
      70
      51
      72
      67
      56
      56
      57
      78
      51
      74
      61
      76
      74
      57
      69
      67
      52
      48
      55
      62
      63
      68
      53
      64
      57
      55
      54
      72
      60
      57
      59
      62
      53
      66
      55
      58
      53
      61
      57
      77
      43
      72
      52
      60
      61
      67
      59
      69
      67
      70
      55
      48
      43
      55
      64
      57
      53
      71
      55
      61
      66
      55
      52
      59
      58
      62
      67
      53
      63
      49
      50
      56
      62
      52
      49
      70
      62
      69
      57
      59
      63
      68
      64
      72
      60
      69
      67
      54
      60
      69
      59
      61
      51
      59
      60
      68
      57
      70
      59
      59
      49
      66
      56
      51
      58
      71
      64
      64
      57
      47
      56
      51
      55
      64
      65
      54
      60
      57
      50
      51
      63
      64
      53
      52
      67
      65
      62
      53
      42
      68
      74
      65
      54
      47
      61
      61
      57
      60
      56
      54
      52
      58
      52
      70
      59
      58
      60
      64
      64
      44
      59
      63
      57
      59
      67
      52
      47
      51
      68
      51
      77
      59
      52
      52
      60
      75
      65
      64
      69
      58
      48
      59
      57
      54
      57
      69
      62
      60
      53
      64
      74
      51
      59
      63
      62
      48
      57
      61
      56
      44
      49
      67
      61
      49
      49
      49
      49
      64
      59
      58
      64
      66
      73
      42
      81
      71
      48
      50
      71
      54
      65
      59
      61
      53
      57
      64
      59
      75
      48
      50
      50
      60
      64
      74
      67
      68
      59
      67
      61
      61
      57
      42
      69
      45
      63
      53
      68
      60
      65
      66
      56
      67
      70
      47
      58
      67
      60
      61
      64
      71
      65
      73
      82
      65
      57
      54
      72
      72
      65
      57
      65
      80
      57
      64
      64
      72
      42
      76
      58
      67
      80
      62
      69
      71
      65
      70
      79
      65
      65
      66
      70
      63
      62
      73
      57
      79
      87
      55
      66
      72
      79
      68
      57
      78
      71
      61
      75
      71
      86
      77
      58
      77
      77
      79
      81
      83
      84
      88
      68
      89
      98
      91
      90
      81
      83
      86
      82
      91
      80
      93
      92
      89
      81
      99
      74
      86
      93
      98
      98
      84
      87
     103
     106
     100
     110
     109
     104
      91
      83
      97
     110
      90
     119
      93
     107
     113
      95
     116
     124
     105
     133
     115
     108
     120
     109
     119
     114
     113
     127
     127
     121
     118
     137
     139
     129
     142
     159
     144
     131
     148
     124
     115
     146
     143
     168
     144
     153
     160
     157
     133
     138
     146
     148
     133
     152
     159
     144
     150
     127
     162
     182
     155
     166
     151
     175
     157
     183
     169
     180
     165
     188
     169
     188
     181
     175
     192
     169
     183
     183
     220
     200
     187
     206
     199
     173
     202
     188
     204
     179
     184
     186
     206
     220
     224
     211
     191
     197
     216
     210
     237
     190
     219
     205
     220
     231
     211
     226
     221
     238
     191
     223
     238
     218
     185
     241
     184
     210
     212
     205
     204
     212
     225
     205
     215
     204
     228
     201
     219
     222
     192
     218
     230
     211
     231
     230
     246
     200
     216
     231
     231
     238
     194
     211
     213
     214
     210
     214
     197
     193
     209
     204
     209
     214
     200
     192
     198
     197
     190
     184
     163
     195
     197
     197
     192
     184
     191
     189
     203
     199
     200
     174
     175
     164
     170
     175
     150
     159
     170
     181
     199
     165
     141
     179
     155
     162
     152
     163
     145
     147
     133
     145
     145
     127
     157
     134
     118
     144
     129
     171
     134
     128
     131
     138
     123
     140
     117
     143
     137
     118
     129
     107
     122
     124
      98
      94
     124
     109
     120
     107
     115
     107
     105
     100
      92
      86
      85
      78
      78
      93
     104
      99
      97
      82
      77
      76
      82
      81
      64
      78
      77
      83
      74
      49
      73
      73
      67
      60
      64
      71
      56
      65
      55
      77
      59
      51
      63
      58
      54
      55
      58
      55
      65
      55
      59
      57
      57
      35
      49
      44
      58
      57
      64
      46
      57
      52
      58
      65
      49
      47
      45
      46
      52
      46
      60
      51
      60
      27
      39
      40
      57
      43
      57
      48
      43
      46
      37
      47
      42
      43
      44
      35
      39
      46
      40
      36
      41
      48
      50
      43
      51
      36
      37
      47
      36
      41
      32
      41
      40
      48
      55
      35
      35
      29
      41
      34
      26
      25
      28
      39
      36
      40
      44
      42
      32
      38
      38
      41
      31
      27
      26
      28
      40
      41
      29
      29
      28
      46
      31
      30
      38
      43
      28
      44
      36
      35
      33
      34
      49
      29
      38
      32
      35
      25
      35
      27
      40
      39
      36
      30
      32
      25
      38
      39
      28
      38
      30
      44
      28
      30
      34
      46
      40
      37
      30
      28
      38
      40
      32
      29
      34
      45
      32
      28
      44
      30
      27
      44
      32
      39
      39
      43
      32
      30
      43
      32
      31
      28
      31
      31
      42
      30
      38
      37
      31
      40
      38
      27
      41
      34
      44
      37
      47
      41
      39
      39
      38
      53
      44
      39
      40
      51
      36
      44
      47
      46
      38
      52
      43
      40
      49
      55
      49
      48
      37
      41
      46
      49
      36
      48
      50
      33
      43
      44
      54
      45
      45
      36
      45
      44
      38
      44
      56
      46
      52
      49
      43
      42
      46
      44
      38
      39
      59
      42
      35
      58
      43
      47
      46
      47
      42
      48
      47
      38
      60
      45
      39
      43
      42
      36
      34
      48
      48
      49
      62
      53
      42
      46
      47
      45
      41
      51
      43
      52
      40
      37
      45
      57
      47
      38
      41
      39
      51
      41
      51
      40
      51
      48
      35
      39
      48
      34
      33
      40
      44
      40
      41
      31
      43
      22
      40
      39
      43
      44
      40
      43
      37
      32
      36
      32
      37
      33
      37
      36
      28
      35
      35
      42
      30
      36
      34
      35
      32
      38
      38
      23
      35
      30
      29
      27
      28
      33
      38
      32
      26
      35
      22
      26
      31
      40
      36
      30
      25
      30
      25
      39
      35
      31
      25
      25
      21
      28
      27
      28
      37
      34
      28
      25
      30
      28
      27
      26
      25
      34
      30
      28
      15
      24
      26
      21
      24
      21
      23
      18
      21
      29
      26
      33
      23
      25
      27
      30
      32
      22
      27
      19
      16
      16
      24
      20
      26
      22
      19
      27
      26
      24
      17
      20
      25
      11
      28
      20
      23
      24
      20
      30
      25
      24
      29
      28
      27
      14
      14
      22
      19
      23
      23
      24
      32
      24
      24
      19
      12
      22
      23
      16
      26
      25
      22
      27
      24
      24
      29
      27
      27
      18
      22
      18
      14
      23
      31
      21
      23
      20
      28
      22
      18
      17
      19
      19
      26
      26
      22
      27
      29
      36
      24
      23
      23
      32
      30
      26
      27
      21
      26
      36
      30
      27
      27
      33
      21
      22
      30
      28
      24
      33
      21
      31
      20
      30
      32
      32
      24
      25
      22
      33
      24
      43
      34
      26
      31
      31
      29
      42
      26
      38
      32
      32
      29
      41
      25
      38
      25
      31
      42
      32
      38
      27
      35
      39
      44
      30
      38
      51
      38
      35
      36
      45
      38
      32
      32
      31
      38
      37
      26
      39
      42
      33
      32
      42
      40
      51
      50
      33
      46
      33
      45
      36
      49
      39
      42
      28
      39
      40
      41
      33
      42
      38
      35
      38
      34
      33
      33
      42
      31
      38
      37
      39
      35
      38
      42
      37
      36
      40
      25
      37
      45
      37
      24
      30
      27
      37
      44
      33
      28
      35
      37
      38
      35
      41
      28
      33
      34
      32
      33
      40
      48
      29
      40
      37
      44
      41
      28
      36
      37
      26
      32
      52
      34
      34
      36
      31
      33
      36
      38
      29
      31
      33
      36
      35
      26
      25
      36
      32
      33
      29
      13
      24
      30
      23
      28
      17
      33
      29
      25
      29
      22
      39
      39
      29
      36
      30
      34
      25
      31
      32
      29
      27
      28
      30
      26
      25
      29
      34
      28
      34
      30
      29
      19
      16
      27
      14
      25
      26
      32
      24
      18
      20
      26
      28
      27
      28
      28
      25
      31
      31
      33
      29
      33
      25
      25
      31
      33
      29
      32
      23
      35
      29
      25
      36
      36
      28
      38
      28
      41
      28
      28
      30
      36
      29
      33
      37
      43
      35
      36
      45
      40
      37
      43
      45
      39
      45
      38
      46
      47
      56
      53
      49
      47
      48
      61
      52
      53
      56
      62
      49
      64
      60
      60
      45
      74
      63
      42
      53
      65
      54
      65
      56
      49
      58
      62
      64
      64
      63
      72
      68
      80
      76
      64
      80
      70
      66
      65
      65
      81
      76
      79
      72
      86
      68
      67
      74
      67
      65
      93
      70
      65
      64
      59
      59
      59
      63
      62
      70
      68
      79
      80
      72
      53
      72
      61
      77
      58
      66
      69
      65
      73
      63
      52
      64
      65
      55
      59
      55
      49
      57
      59
      54
      60
      63
      47
      51
      48
      45
      52
      42
      45
      50
      43
      42
      36
      37
      36
      41
      37
      30
      36
      34
      34
      39
      25
      24
      31
      35
      39
      29
      25
      29
      22
      29
      29
      21
      23
      30
      18
      22
      16
      17
      17
      13
      15
       9
      16
      18
      10
      16
       7
      14
      10
      13
       8
      10
      13
      14
       5
       8
       4
      10
       9
      12
      13
       8
       3
       2
       9
       6
       6
       8
       6
       7
       4
       3
       3
       2
       1
       6
       8
       4
       4
       3
       2
       2
       3
       2
       1
       0
       3
       1
       5
       6
       5
       4
       1
       0
       5
       1
       0
       1
       2
       1
       5
       3
       3
       0
       2
       0
       1
       4
       1
       0
       3
       2
       2
       3
       1
       1
       0
       0
       3
       2
       1
       0
       2
       2
       0
       0
       1
       3
       1
       1
       1
       0
       1
       2
       1
       2
       2
       3
       0
       2
       0
       1
       0
       2
       0
       3
       0
       2
       1
       3
       2
       1
       1
       3
       0
       1
       2
       1
       1
       0
       1
       2
       3
       0
       0
       0
       1
       2
       2
       3
       1
       1
       3
       2
       0
       0
       4
       1
       1
       1
       1
       2
       3
       0
       0
       1
       1
       1
       0
       0
       1
       2
       3
       0
       2
       0
       0
       1
       0
       1
       0
       2
       0
       1
       1
       0
       0
       1
       1
       3
       0
       2
       1
       0
       1
       0
       1
       0
       2
       1
       0
       1
       2
       0
       1
       3
       1
       1
       1
       0
       1
       1
       0
       0
       0
       0
       0
       0
       0
       2
       2
       1
       4
       1
       1
       2
       0
       2
       0
       1
       1
       2
       0
       3
       1
       0
       3
       0
       4
       4
       0
       1
       4
       0
       0
       2
       3
       2
       0
       0
       2
       1
       1
       1
       0
       0
       0
       1
       0
       1
       0
       1
       1
       1
       0
       1
       0
       1
       0
       2
       1
       0
       1
       1
       3
       2
       1
       0
       1
       0
       0
       1
       1
       1
       1
       0
       0
       0
       0
       0
       2
       1
       1
       1
       1
       1
       1
       0
       0
       0
       1
       0
       3
       1
       1
       1
       0
       2
       1
       0
       2
       1
       0
       0
       0
       0
       3
       3
       1
       0
       1
       1
       0
       0
       0
       3
       0
       2
       1
       0
       0
       1
       0
       0
       0
       1
       1
       2
       0
       1
       0
       0
       2
       0
       2
       0
       1
       0
       1
       1
       0
       2
       0
       0
       0
       0
       1
       0
       0
       1
       2
       1
       0
       1
       0
       1
       1
       3
       1
       2
       1
       0
       3
       1
       3
       2
       4
       1
       0
       2
       1
       3
       7
       0
       2
       4
       3
       4
       2
       4
       4
       0
       2
       4
       1
       4
       2
       1
       3
       0
       4
       1
       3
       2
       1
       6
       5
       2
       1
       5
       6
       1
       2
       1
       2
       4
       3
       3
       2
       2
       3
       4
       2
       1
       2
       3
       3
       3
       1
       2
       0
       0
       4
       0
       0
       3
       0
       1
       3
       2
       1
       1
       4
       3
       2
       2
       0
       4
       1
       2
       1
       2
       1
       1
       2
       3
       1
       3
       3
       0
       1
       1
       1
       1
       1
       4
       0
       2
       3
       1
       1
       1
       1
       4
       1
       2
       3
       2
       2
       1
       3
       0
       1
       1
       0
       2
       3
       2
       0
       3
       3
       2
       0
       0
       0
       1
       1
       1
       2
       2
       3
       3
       0
       5
       1
       2
       1
       0
       4
       0
       3
       2
       3
       1
       3
       1
       1
       2
       3
       2
       1
       1
       0
       2
       4
       2
       1
       3
       2
       3
       1
       2
       1
       2
       1
       3
       3
       3
       3
       2
       1
       1
       4
       2
       5
       5
       2
       3
       4
       1
       2
       1
       3
       2
       0
       1
       3
       1
       2
       6
       2
       1
       2
       1
       0
       4
       0
       0
       0
       1
       2
       1
       0
       1
       1
       1
       3
       3
       4
       1
       2
       1
       1
       3
       3
       2
       2
       2
       2
       0
       5
       3
       2
       1
       0
       2
       0
       1
       1
       3
       1
       1
       1
       1
       2
       3
       0
       1
       1
       1
       3
       3
       0
       0
       0
       0
       1
       1
       1
       3
       2
       2
       2
       2
       2
       1
       2
       5
       2
       5
       2
       0
       0
       2
       2
       1
       1
       1
       2
       0
       0
       1
       3
       0
       2
       3
       3
       0
       1
       2
       0
       1
       5
       3
       0
       2
       3
       2
       3
       0
       2
       1
       0
       1
       1
       4
       0
       1
       1
       1
       1
       1
       1
       2
       1
       2
       2
       0
       2
       1
       1
       2
       1
       2
       2
       5
       0
       0
       0
       1
       3
       2
       0
       1
       2
       3
       2
       1
       2
       0
       1
       0
       2
       1
       0
       3
       3
       1
       1
       3
       1
       3
       1
       0
       3
       7
       2
       2
       2
       2
       4
       0
       2
       1
       1
       4
       1
       4
       2
       0
       1
       2
       1
       2
       3
       2
       0
       1
       3
       4
       2
       5
       1
       2
       2
       2
       2
       1
       2
       2
       5
       1
       3
       4
       2
       3
       0
       1
       0
       2
       1
       0
       1
       1
       0
       0
       1
       1
       1
       4
       6
       1
       3
       2
       0
       1
       2
       1
       2
       1
       3
       1
       0
       1
       0
       2
       1
       1
       3
       6
       0
       3
       2
       3
       2
       1
       0
       3
       4
       2
       1
       4
       0
       2
       1
       2
       2
       0
       0
       1
       3
       5
       1
       2
       1
       3
       2
       2
       0
       2
       1
       6
       5
       2
       1
       3
       1
       2
       1
       2
       4
       0
       1
       0
       2
       2
       0
       4
       4
       2
       1
       4
       2
       2
       0
       0
       1
       2
       3
       3
       0
       3
       4
       3
       0
       1
       1
       1
       1
       1
       1
       1
       1
       2
       0
       4
       1
       0
       0
       0
       2
       0
       3
       1
       0
       4
       1
       2
       1
       4
       0
       2
       0
       1
       3
       3
       1
       2
       0
       2
       5
       4
       1
       3
       1
       2
       1
       2
       2
       1
       2
       0
       1
       2
       1
       3
       2
       3
       1
       1
       3
       1
       0
       2
       1
       2
       0
       1
       1
       0
       2
       2
       1
       0
       2
       1
       2
       0
       3
       0
       1
       2
       1
       1
       3
       4
       0
       1
       2
       2
       0
       2
       1
       0
       1
       1
       4
       0
       1
       1
       3
       3
       0
       2
       1
       4
       4
       3
       0
       3
       0
       1
       2
       1
       1
       3
       0
       1
       1
       4
       1
       0
       1
       2
       2
       1
       5
       3
       4
       1
       3
       2
       0
       1
       2
       2
       0
       2
       2
       1
       1
       3
       2
       3
       4
       0
       4
       2
       0
       2
       1
       3
       2
       1
       3
       2
       2
       2
       2
       1
       1
       6
       0
       1
       2
       5
       2
       0
       0
       3
       0
       4
       1
       2
       4
       3
       2
       3
       1
       2
       0
       3
       1
       2
       1
       2
       2
       2
       3
       1
       1
       2
       0
       1
       0
       1
       1
       1
       2
       4
       1
       3
       3
       0
       1
       0
       0
       1
       3
       5
       4
       1
       2
       2
       0
       2
       2
       0
       1
       2
       2
       1
       0
       1
       3
       3
       3
       2
       0
       2
       0
       5
       1
       1
       1
       1
       2
       1
       3
       3
       3
       0
       0
       3
       3
      10
       7
       1
       2
       6
       5
       7
      10
       6
       4
       5
       8
       5
       8
       6
       8
       4
       7
      10
       5
       8
       7
      10
       7
       8
      10
       9
      12
       8
      12
      14
       9
       8
      11
       9
      13
       8
       9
      12
      10
      10
      12
       8
       7
       9
      15
       4
       5
       9
      11
       3
      12
       8
       8
       8
       8
      16
      11
       6
      16
      14
       8
      11
       5
       6
       4
       5
      10
       6
      12
       4
      13
      10
       5
       6
      11
      17
      16
       7
       8
      12
       8
       9
       5
       5
       5
       5
       7
       7
      10
       4
      11
       7
       9
       5
       8
       7
      11
       2
       7
      11
       8
      10
      11
      11
      11
      10
      11
       7
      13
       7
      17
      21
      14
      12
      19
      12
      15
      17
      14
       7
      10
      15
      13
      20
      13
      18
      17
      12
       9
      14
      20
      20
      23
      22
      17
      21
      17
      18
      18
      21
      17
      11
      22
      14
       8
      13
      15
      14
       9
      13
      13
      11
       9
      11
      11
       7
      11
       7
       4
      11
       5
       6
      11
      13
       6
       5
       8
       7
       2
       8
       7
       7
       4
       3
       4
       7
       2
       3
       5
       5
       5
       5
       5
       1
       3
       1
       5
       5
       3
       3
       4
       4
       1
       4
       3
       4
       3
       2
       4
       3
       4
       3
       0
       1
       1
       3
       2
       2
       4
       2
       4
       0
       3
       2
       2
       6
       0
       3
       2
       0
       1
       1
       1
       0
       1
       0
       1
       1
       0
       1
       0
       1
       0
       0
       1
       0
       0
       1
       2
       0
       0
       2
       0
       0
       0
       2
       2
       0
       0
       0
       0
       0
       0
       0
       0
       1
       0
       0
       0
       1
       0
       0
       0
       0
       0
       0
       0
       1
       0
       1
       0
       0
       0
       0
       0
       0
       0
       0
       0
       0
       0
       0
       0
       0
       0
       0
       0
       0
       0
       0
       0
       0
       0
       1
       0
       0
       0
       0
       0
       0
       0
       0
       0
       1
       0
       0
       1
       0
       0
       0
       0
       0
       0
       1
       0
       1
       0
       0
       1
       0
       0
       0
       0
       0
       0
       1
       0
       0
       0
       0
       0
       1
       0
       0
       1
       1
       0
       1
       0
       0
       0
       0
       0
       0
       1
       0
       0
       0
       0
       0
       0
       0
       0
       1
       1
       0
       0
       0
       0
       0
       0
       0
       1
       0
       0
       0
       0
       0
       0
       0
       1
       2
       0
       0
       0
       0
       0
       0
       0
       0
       1
       1
       1
       0
       0
       0
       1
       0
       0
       0
       1
       0
       0
       0
       0
       0
       0
       1
       0
       0
       0
       0
       0
       1
       0
       0
       0
       0
       0
       0
       0
       0
       0
       0
       0
       0
       0
       0
       0
       0
       1
       0
       1
       0
       0
       2
       0
       0
       0
       1
       0
       0
       1
       0
       0
       0
       1
       0
       0
       0
       0
       0
       0
       0
       0
       1
       0
       0
       0
       0
       0
       0
       0
       0
       1
       0
       0
       0
       0
       1
       0
       0
       0
       0
       0
       0
       0
       0
       0
       0
       0
       0
       1
       0
       0
       1
       2
       0
       0
       0
       1
       0
       0
       0
       1
       0
       1
       0
       0
       0
       0
       0
       0
       0
       0
       0
       0
       0
       0
       0
       0
       0
       0
       0
       1
       0
       0
       0
       0
       1
       0
       0
       0
       0
       0
       0
       0
       0
       0
       0
       0
       2
       1
       1
       0
       0
       0
       0
       0
       0
       0
       0
       0
       1
       0
       0
       0
       0
       0
       0
       0
       0
       0
       0
       1
       0
       0
       1
       1
       0
       0
       0
       0
       0
       1
       0
       0
       1
       0
       0
       0
       0
       0
       0
       0
       0
       1
       0
       0
       1
       0
       0
       0
       0
       1
       1
       0
       0
       0
       0
       0
       0
       0
       1
       0
       0
       0
       0
       0
       0
       0
       0
       0
       0
       0
       0
       0
       0
       0
       1
       0
       0
       0
       0
       0
       1
       0
       0
       0
       0
       0
       1
       0
       0
       0
       0
       0
       0
       1
       0
       1
       0
       0
       0
       0
       0
       0
       0
       0
       0
       0
       0
       0
       0
       0
       0
       0
       1
       0
       0
       0
       1
       0
       0
       0
       0
       0
       0
       0
       0
       0
       0
       0
       0
       0
       0
       0
       0
       0
       0
       0
       0
       0
       0
       0
       0
       0
       0
       1
       0
       0
       0
       0
       0
       0
       0
       0
       0
       0
       0
       0
       0
       0
       0
       0
       0
       0
       0
       2
       1
       0
       0
       0
       0
       0
       1
       0
       0
       2
       0
       0
       0
       1
       0
       0
       0
       0
       0
       0
       0
       0
       0
       0
       0
       0
       0
       0
       0
       0
       0
       1
       0
       0
       0
       0
       0
       0
       1
       0
       0
       0
       0
       0
       0
       0
       0
       1
       0
       0
       0
       0
       0
       0
       0
       0
       0
       0
       0
       0
       1
       0
       0
       0
       0
       0
       0
       0
       0
       0
       0
       0
       1
       0
       0
       0
       0
       0
       0
       0
       0
       1
       0
       0
       0
       1
       0
       0
       0
       1
       0
       0
       0
       0
       0
       0
       0
       0
       0
       1
       0
       0
       0
       0
       0
       0
       0
       0
       0
       0
       0
       0
       0
       0
       1
       0
       1
       1
       1
       0
       0
       0
       0
       0
       0
       0
       0
       0
       0
       0
       0
       0
       0
       0
       0
       0
       0
       0
       0
       0
       0
       0
       0
       0
       0
       1
       0
       1
       0
       0
       0
       0
       0
       0
       0
       0
       0
       1
       0
       0
       0
       0
       0
       0
       0
       0
       0
       0
       0
       0
       0
       0
       0
       0
       0
       1
       0
       0
       0
       0
       0
       0
       0
       1
       0
       0
       0
       0
       0
       0
       0
       0
       0
       0
       0
       0
       0
       0
       1
       0
       0
       0
       1
       0
       0
       0
       0
       0
       0
       0
       0
       0
       0
       1
       0
       0
       0
       0
       0
       0
       0
       0
       0
       0
       0
       0
       0
       0
       0
       0
       0
       0
       0
       0
       0
       0
       0
       1
       0
       0
       0
       0
       0
       0
       0
       0
       0
       0
       0
       0
       0
       0
       0
       0
       0
       0
       0
       0
       0
       0
       0
       0
       0
       0
       0
       0
       0
       0
       0
       0
       0
       0
       0
       0
       0
       0
       0
       0
       1
       0
       0
       0
       0
       0
       0
       0
       0
       0
       1
       1
       0
       0
       0
       0
       0
       0
       0
       0
       0
       0
       0
       0
       0
       0
       0
       0
       0
       0
       0
       0
       0
       0
       0
       0
       1
       0
       0
       0
       0
       0
       0
       0
       0
       0
       0
       0
       0
       1
       0
       0
       0
       0
       0
       0
       0
       0
       0
       0
       0
       0
       0
       0
       0
       0
       0
       0
       0
       0
       1
       0
       0
       0
       0
       0
       0
       0
       0
       0
       0
       0
       0
       0
       0
       0
       0
       0
       0
       0
       0
       0
       0
       0
       0
       0
       0
       0
       0
       0
       0
       0
       0
       0
       0
       0
       0
       0
       1
       0
       0
       0
       1
       1
       0
       0
       0
       0
       0
       0
       0
       0
       0
       1
       0
       0
       0
       0
       0
       0
       0
       0
       0
       0
       0
       0
       0
       0
       1
       0
       0
       0
       0
       0
       0
       0
       0
       0
       0
       0
       0
       0
       0
       0
       0
       0
       0
       0
       0
       0
       0
       0
       0
       0
       0
       0
       0
       0
       0
       0
       0
       0
       0
       0
       0
       0
       0
       0
       0
       0
       0
       0
       0
       0
       0
       0
       0
       0
       0
       1
       0
       0
       0
       0
       0
       0
       0
       0
       0
       0
       0
       0
       0
       0
       0
       0
       0
       0
       0
       0
       0
       0
       0
       0
       0
       0
       0
       0
       0
       0
       0
       0
       0
       0
       0
       0
       1
       0
       0
       0
       0
       0
       0
       0
       0
       0
       0
       0
       0
       0
       0
       0
       0
       0
       0
       0
       0
       0
       0
       0
       0
       0
       0
       0
       0
       0
       0
       0
       0
       0
       0
       0
       0
       0
       0
       0
       0
       0
       0
       0
       0
       0
       0
       0
       0
       0
       0
       0
       0
       0
       0
       1
       0
       0
       0
       0
       0
       0
       0
       0
       0
       0
       0
       0
       0
       0
       0
       0
       0
       0
       0
       0
       0
       0
       0
       0
       0
       0
       0
       0
       0
       0
       0
       0
       0
       0
       0
       0
       0
       0
       0
       0
       0
       0
       0
       0
       0
       0
       0
       0
       0
       0
       0
       0
       0
       0
       0
       0
       0
       0
       0
       0
       0
       0
       0
       0
       0
       0
       0
       0
       0
       0
       0
       0
       0
       0
       0
       0
       0
       0
       0
       0
       0
       0
       0
       0
       0
       0
       1
       0
       0
       0
       0
       0
       0
       0
       0
       0
       0
       0
       0
       0
       0
       0
       0
       0
       0
       0
       0
       0
       0
       0
       0
       0
       0
       0
       0
       0
       0
       0
       0
       0
       0
       0
       0
       0
       0
       0
       0
       0
       0
       0
       0
       0
       0
       0
       0
       0
       0
       0
       0
       0
       0
       0
       0
       0
       0
       0
       0
       0
       0
       0
       0
       0
       0
       0
       0
       0
       0
       0
       0
       0
       0
       0
       0
       0
       0
       0
       0
       0
       0
       0
       0
       0
       0
       0
       0
       0
       0
       0
       0
       0
       0
       0
       0
       0
       1
       0
       0
       0
       0
       0
       0
       0
       0
       0
       0
       0
       0
       0
       0
       0
       0
       0
       0
       0
       0
       0
       0
       0
       0
       0
       0
       0
       0
       0
       0
       0
       0
       0
       0
       0
       0
       0
       0
       0
       0
       0
       0
       0
       0
       0
       0
       0
       0
       0
       0
       0
       0
       0
       0
       0
       0
       0
       0
       0
       0
       0
       0
       0
       0
       0
       0
       0
       0
       0
       0
       0
       0
       0
       0
       0
       0
       0
       0
       0
       0
       0
       0
       0
       0
       0
       0
       0
       0
       0
       1
       0
       0
       0
       0
       0
       0
       0
       0
       0
       0
       0
       0
       0
       0
       0
       0
       0
       0
       0
       0
       0
       0
       0
       0
       0
       0
       0
       0
       0
       0
       0
       0
       0
       0
       0
       0
       0
       0
       0
       0
       0
       0
       0
       0
       0
       0
       0
       0
       0
       0
       0
       0
       0
       0
       0
       0
       0
       0
       0
       0
       0
       0
       0
       0
       0
       0
       0
       0
       0
       0
       0
       0
       0
       0
       0
       0
       0
       0
       0
       0
       0
       0
       0
       0
       0
       0
       0
       0
       0
       0
       0
       0
       0
       0
       0
       0
       0
       0
       0
       0
       0
       0
       0
       0
       0
       0
       0
       0
       0
       0
       0
       0
       0
       0
       0
       0
       0
       0
       0
       0
       0
       0
       0
       0
       0
       0
       0
       0
       0
       0
       0
       0
       0
       0
       0
       0
       0
       0
       0
       0
       0
       0
       0
       0
       0
       0
       0
       0
       0
       0
       0
       0
       0
       0
       0
       0
       0
       0
       0
       0
       0
       0
       0
       0
       0
       0
       0
       0
       0
       0
       0
       0
       0
       0
       0
       0
       0
       0
       0
       0
       0
       0
       0
       0
       0
       0
       0
       0
       0
       0
       0
       0
       0
       0
       0
       0
       0
       0
       0
       0
       0
       0
       0
       0
       0
       0
       0
       0
       0
       0
       0
       0
       0
       0
       0
       0
       0
       0
       0
       0
       1
       0
       0
       0
       0
       0
       0
       0
       0
       0
       0
       0
       0
       0
       0
       0
       0
       0
       0
       0
       0
       0
       0
       0
       0
       0
       0
       0
       0
       0
       0
       0
       0
       0
       0
       0
       0
       0
       0
       0
       0
       0
       0
       0
       0
       0
       0
       0
       0
       0
       0
       0
       0
       0
       0
       0
       0
       0
       0
       0
       0
       0
       0
       0
       0
       0
       0
       0
       0
       0
       0
       0
       0
       0
       0
       0
       0
       0
       0
       0
       0
       0
       0
       0
       0
       0
       0
       0
       0
       0
       0
       0
       0
       0
       0
       0
       0
       0
       0
       0
       0
       0
       0
       0
       0
       0
       0
       0
       0
       1
       0
       0
       0
       0
       0
       0
       0
       0
       0
       0
       0
       0
       0
       0
       0
       0
       0
       0
       0
       0
       0
       0
       0
       0
       0
       0
       0
       0
       0
       0
       0
       0
       0
       0
       0
       0
       0
       0
       0
       0
       0
       0
       0
       0
       0
       0
       0
       0
       0
       0
       0
       0
       0
       0
       0
       0
       0
       0
       0
       0
       0
       0
       0
       0
       0
       0
       0
       0
       0
       0
       0
       0
       0
       0
       0
       0
       0
       0
       0
       0
       0
       0
       0
       0
       0
       0
       0
       0
       0
       0
       0
       0
       0
       0
       0
       0
       0
       0
       0
       0
       0
       0
       0
       0
       0
       0
       0
       0
       0
       0
       0
       0
       0
       0
       0
       0
       0
       0
       0
       0
       0
       0
       0
       0
       0
       0
       0
       0
       0
       0
       0
       0
       0
       0
       0
       0
       0
       0
       0
       0
       0
       0
       0
       0
       0
       0
       0
       0
       0
       0
       0
       0
       0
       0
       0
       0
       0
       0
       0
       0
       0
       0
       0
       0
       0
       0
       0
       0
       0
       0
       0
       0
       0
       0
       0
       0
       0
       0
       0
       0
       0
       0
       0
       0
       0
       0
       0
       0
       0
       0
       0
       0
       0
       0
       0
       0
       0
       0
       0
       0
       0
       0
       0
       0
       0
       0
       0
       0
       0
       0
       0
       0
       0
       0
       0
       0
       0
       0
       0
       0
       0
       0
       0
       0
       0
       0
       0
       0
       0
       0
       0
       0
       0
       0
       0
       0
       0
       0
       0
       0
       0
       0
       0
       0
       0
       0
       0
       0
       0
       0
       0
       0
       0
       0
       0
       0
       0
       0
       0
       0
       0
       0
       0
       0
       0
       0
       0
       0
       0
       0
       0
       0
       0
       0
       0
       0
       0
       0
       0
       1
       0
       0
       0
       0
       0
       0
       0
       0
       0
       0
       0
       0
       0
       0
       0
       0
       0
       0
       0
       0
       0
       0
       0
       0
       0
       0
       0
       0
       0
       0
       0
       0
       0
       0
       0
       0
       0
       0
       0
       0
       0
       0
       0
       0
       0
       0
       0
       0
       0
       0
       0
       0
       0
       0
       0
       0
       0
       0
       0
       0
       0
       0
       0
       0
       0
       0
       0
       0
       0
       0
       0
       0
       0
       0
       0
       0
       0
       0
       0
       0
       0
       0
       0
       0
       0
       0
       0
       0
       0
       0
       0
       0
       0
       0
       0
       0
       0
       0
       0
       0
       0
       0
       0
       0
       0
       0
       0
       0
       0
       0
       0
       0
       0
       0
       0
       0
       0
       0
       0
       0
       0
       0
       0
       0
       0
       0
       0
       0
       0
       0
       0
       0
       0
       0
       0
       0
       0
       0
       0
       0
       0
       0
       0
       0
       0
       0
       0
       0
       0
       0
       0
       0
       0
       0
       0
       0
       0
       0
       0
       0
       0
       0
       0
       0
       0
       0
       0
       0
       0
       0
       0
       0
       0
       0
       0
       0
       0
       0
       0
       0
       0
       0
       0
       0
       0
       0
       0
       0
       0
       0
       0
       0
       0
       0
       0
       0
       0
       0
       0
       0
       0
       0
       0
       0
       0
       0
       0
       0
       0
       0
       0
       0
       0
       0
       0
       0
       0
       0
       0
       0
       0
       0
       0
       0
       0
       0
       0
       0
       0
       0
       0
       0
       0
       0
       0
       0
       0
       0
       0
       0
       0
       0
       0
       0
       0
       0
       0
       0
       0
       0
       0
       0
       0
       0
       0
       0
       0
       0
       0
       0
       0
       0
       0
       0
       0
       0
       0
       0
       0
       0
       0
       0
       0
       0
       0
       0
       0
       0
       0
       0
       0
       0
       0
       0
       0
       0
       0
       0
       0
       0
       0
       0
       0
       0
       0
       0
       0
       0
       0
       0
       0
       0
       0
       0
       0
       0
       0
       0
       0
       0
       0
       0
       0
       0
       0
       0
       0
       1
       2
       2
       2
       3
       3
       1
       2
       2
       3
       0
       2
       2
       1
       2
       0
       4
       1
       3
       0
       1
       1
       1
       1
       3
       3
       1
       1
       1
       2
       1
       1
       6
       1
       2
       1
       6
       1
       2
       3
       2
       1
       1
       0
       2
       0
       1
       1
       2
       5
       0
       0
       1
       1
       0
       2
       3
       1
       0
       1
       1
       1
       0
       1
       1
       5
       3
       1
       2
       2
       3
       0
       0
       3
       2
       2
       1
       1
       0
       2
       1
       2
       2
       0
       0
       0
       1
       3
       6
       3
       3
       2
       2
       2
       2
       1
       1
       1
       3
       5
       5
       1
       0
       3
       1
       1
       5
       2
       2
       2
       1
       2
       2
       0
       2
       2
       2
       0
       0
       1
       3
       6
       1
       3
       0
       1
       0
       3
       0
       3
       1
       1
       2
       2
       1
       1
       1
       1
       2
       2
       2
       2
       3
       3
       0
       4
       2
       0
       2
       1
       1
       1
       1
       3
       3
       1
       1
       1
       1
       2
       1
       1
       1
       1
       0
       1
       2
       1
       0
       1
       1
       4
       1
       4
       2
       1
       2
       3
       4
      23
      62
      98
     167
     276
$ROI:
0
$PRESETS:
Real Time
1000000
0
$ENER_FIT:
0.000000 0.370442
$MCA_CAL:
3
0.000000E+000 3.704419E-001 0.000000E+000 
$SHAPE_CAL:
3
1.383554E+002 0.000000E+000 0.000000E+000
