$SPEC_ID:
No sample description was entered.
$SPEC_REM:
DET# 3
DETDESC# Mechanically Cooled
AP# GammaVision Version 6.09
$DATE_MEA:
04/04/2023 16:28:23
$MEAS_TIM:
1000 1038
$DATA:
0 8191
       0
       0
       0
       0
       0
       0
       0
       0
       0
       0
       0
       0
       0
       0
       0
       0
       0
       0
       1
       1
       0
       0
       0
       0
       0
       0
       0
       0
       0
       1
       0
       0
       0
       0
       0
       3
       1
       6
       3
      37
     818
    1943
    2036
    2033
    1997
    1861
    1895
    1912
    1832
    1743
    1745
    1749
    1750
    1778
    1730
    1584
    1691
    1715
    1598
    1607
    1571
    1485
    1588
    1645
    1514
    1466
    1444
    1527
    1459
    1497
    1427
    1432
    1334
    1409
    1357
    1408
    1379
    1330
    1333
    1369
    1366
    1268
    1325
    1346
    1325
    1337
    1319
    1314
    1272
    1280
    1274
    1289
    1248
    1250
    1285
    1305
    1267
    1371
    1358
    1358
    1376
    1385
    1428
    1445
    1633
    2012
    2568
    3097
    3784
    3784
    3261
    2640
    1934
    1384
    1137
    1050
    1037
    1018
     978
    1049
    1166
    1429
    1814
    2135
    2010
    1976
    1712
    1358
    1211
     964
     820
     717
     701
     703
     711
     708
     711
     674
     681
     676
     682
     729
     692
     696
     695
     745
     701
     677
     703
     685
     686
     723
     735
     725
     747
     783
     721
     752
     716
     763
     789
     802
     848
     778
     758
     758
     756
     727
     835
     818
     819
     795
     834
     795
     833
     860
     852
     869
     868
     902
     906
     974
    1026
    1036
    1070
    1031
    1064
    1164
    1081
    1099
    1024
    1029
     946
    1027
    1044
    1139
    1241
    1301
    1354
    1411
    1399
    1489
    1508
    1606
    1575
    1668
    1458
    1310
    1252
    1129
    1142
    1163
    1156
    1160
    1099
    1076
    1098
    1120
    1205
    1152
    1124
    1147
    1132
    1217
    1278
    1329
    1319
    1451
    1549
    1658
    1699
    1649
    1808
    1694
    1639
    1590
    1562
    1491
    1540
    1546
    1563
    1516
    1406
    1352
    1480
    1475
    1404
    1448
    1412
    1368
    1444
    1357
    1435
    1365
    1291
    1328
    1315
    1292
    1217
    1270
    1225
    1145
    1131
    1122
    1060
    1131
    1069
    1065
    1097
    1074
    1044
    1062
    1035
    1078
    1006
    1051
    1066
    1036
    1029
    1020
    1024
    1077
    1028
    1025
    1058
    1088
    1056
    1064
    1028
    1037
    1029
    1092
    1042
    1029
    1024
    1107
    1085
    1110
    1057
    1101
    1075
    1094
    1046
    1111
    1109
    1146
    1056
    1113
    1118
    1155
    1115
    1123
    1082
    1143
    1101
    1082
    1106
    1107
    1062
    1131
    1112
    1159
    1133
    1139
    1130
    1264
    1463
    2339
    4319
    7435
   11529
   14808
   15263
   13164
    9148
    5625
    2955
    1677
    1171
     858
     903
     904
     865
     870
     841
     900
     871
     885
     889
     857
     872
     895
     896
     882
     839
     872
     887
     848
     889
     836
     878
     828
     834
     877
     875
     848
     859
     858
     830
     852
     849
     874
     843
     980
     810
     853
     806
     860
     826
     823
     852
     942
     827
     837
     807
     855
     831
     854
     816
     783
     802
     851
     839
     844
     830
     840
     867
     797
     855
     844
     864
     858
     938
     883
     899
     868
     906
     927
     847
     956
     856
     852
     926
     874
     838
     865
     895
     907
     905
     861
     874
     869
     871
     905
     844
     882
     873
     907
     822
     897
     856
     809
     876
     833
     883
     837
     876
     817
     854
     815
     866
     842
     778
     800
     831
     863
     808
     830
     809
     845
     803
     790
     808
     875
     836
     806
     789
     812
     855
     837
     824
     786
     775
     778
     827
     763
     777
     765
     767
     805
     800
     763
     731
     787
     766
     735
     747
     796
     792
     649
     753
     742
     784
     725
     741
     729
     726
     750
     700
     702
     699
     733
     737
     743
     714
     675
     736
     719
     733
     712
     710
     724
     717
     675
     718
     658
     706
     735
     702
     684
     634
     638
     658
     668
     601
     643
     648
     632
     692
     628
     637
     660
     702
     643
     557
     593
     630
     620
     592
     621
     599
     629
     602
     554
     641
     585
     564
     608
     574
     585
     615
     586
     562
     550
     562
     538
     589
     559
     528
     580
     553
     580
     586
     570
     584
     548
     586
     535
     543
     549
     582
     498
     507
     520
     550
     584
     598
     488
     539
     590
     568
     537
     531
     538
     552
     521
     582
     539
     550
     540
     494
     511
     526
     558
     503
     541
     532
     533
     483
     481
     452
     525
     517
     579
     507
     545
     494
     509
     537
     503
     507
     468
     550
     519
     520
     488
     537
     502
     507
     492
     528
     478
     493
     507
     466
     492
     508
     479
     474
     480
     445
     478
     465
     489
     425
     495
     440
     513
     459
     468
     477
     445
     436
     436
     487
     451
     498
     501
     437
     476
     451
     439
     451
     474
     474
     441
     457
     424
     493
     440
     474
     449
     472
     516
     471
     449
     423
     433
     415
     448
     479
     459
     492
     646
     902
    1424
    2042
    2804
    3363
    3222
    2656
    1868
    1165
     733
     532
     425
     423
     401
     423
     374
     376
     392
     365
     408
     366
     403
     423
     369
     356
     395
     399
     358
     391
     367
     343
     364
     376
     369
     362
     335
     361
     336
     356
     334
     371
     314
     337
     342
     357
     363
     333
     365
     368
     334
     333
     336
     314
     322
     308
     344
     331
     334
     307
     323
     332
     296
     332
     329
     308
     368
     349
     305
     324
     305
     316
     356
     328
     335
     338
     341
     290
     356
     333
     301
     311
     288
     294
     278
     330
     285
     287
     301
     328
     317
     326
     305
     303
     283
     324
     285
     310
     311
     287
     286
     301
     279
     278
     273
     255
     264
     274
     260
     262
     269
     256
     272
     250
     266
     260
     287
     271
     247
     257
     255
     231
     252
     260
     259
     250
     228
     231
     261
     276
     233
     231
     235
     235
     266
     254
     223
     232
     236
     255
     237
     274
     295
     337
     359
     361
     368
     325
     305
     273
     249
     224
     226
     249
     205
     259
     235
     218
     248
     249
     215
     218
     223
     271
     186
     224
     216
     206
     208
     189
     180
     206
     182
     234
     216
     217
     215
     205
     211
     203
     186
     208
     195
     196
     198
     214
     214
     204
     183
     212
     188
     204
     200
     185
     194
     223
     218
     197
     216
     203
     198
     219
     187
     205
     195
     219
     217
     177
     194
     187
     207
     197
     195
     190
     162
     181
     193
     199
     182
     177
     166
     195
     197
     178
     196
     189
     209
     201
     181
     188
     189
     203
     179
     194
     200
     203
     209
     196
     199
     191
     171
     170
     159
     180
     180
     192
     195
     131
     189
     184
     168
     194
     162
     150
     162
     177
     168
     176
     164
     160
     185
     176
     165
     201
     172
     183
     194
     215
     218
     243
     267
     444
     838
    1591
    2849
    4716
    6469
    7518
    7424
    6032
    3975
    2362
    1147
     523
     265
     152
     134
     143
     129
     144
     128
     129
     144
     140
     137
     141
     160
     173
     179
     200
     184
     167
     156
     124
     145
     148
     148
     127
     140
     127
     142
     116
     113
     136
     101
     128
     142
     113
     134
     129
     124
     125
     132
     114
     123
     120
     104
     109
     140
     109
     114
     135
     133
     131
     121
     128
     152
     178
     204
     244
     339
     332
     350
     316
     240
     209
     152
     134
     113
     125
     120
     116
     129
     124
     126
     128
     137
     126
     106
     137
     139
     117
     134
     120
     121
     128
     118
     109
     135
     108
     111
     123
     133
     134
     122
     108
     108
     124
     113
     113
     115
     111
     114
     106
     141
     109
     101
     115
     121
     118
     128
     122
     142
     146
     150
     109
     118
     131
     104
     141
     116
     110
     133
     104
     120
     120
     126
     130
     114
     108
     130
     108
     114
     109
     105
     118
     100
     129
      91
     143
     117
     100
     110
     116
     108
     108
     130
     123
     106
     110
     138
     110
     108
     122
     109
     115
     101
     141
     114
     127
     110
     124
     118
     120
     103
     111
     113
     123
      96
     114
     113
     107
     128
     134
     148
     187
     216
     352
     488
     580
     691
     632
     478
     362
     248
     172
     115
     119
     143
     104
     120
     116
     127
     115
     138
     133
     105
     116
     132
     119
     123
     119
     117
     112
     107
     107
     117
      94
     119
     122
     100
     111
     108
     101
      93
      99
     121
     121
     101
     100
     106
     102
     105
     102
     107
      97
     107
     113
     112
     116
      93
     127
     111
     114
     113
     112
     110
      91
     112
     105
     110
     114
      97
     112
     111
     110
     108
      89
     100
     116
     129
     110
     102
     100
     120
     110
     105
     120
     112
     133
     121
     110
     125
     117
     169
     189
     302
     459
     603
     759
     793
     716
     553
     404
     266
     189
     140
      89
     118
     102
     117
      98
     109
     105
     114
      96
      98
     108
      83
      94
      97
     101
      98
     100
     105
     108
     104
     102
     101
      89
     109
      96
     106
     106
     115
     105
      91
     109
     110
      87
     114
     106
      95
     109
     126
     108
     110
      98
     107
      95
      97
     101
     102
     117
     102
     118
     113
     104
     103
     113
      97
     110
      96
     103
     109
     117
     109
      92
     115
      96
      96
     103
      96
     100
     111
     110
      95
      88
      96
      90
      96
     101
      93
      97
     107
      94
      97
     100
      98
     104
     105
      93
     120
     104
     122
     113
      97
      96
      89
      93
     100
     115
     100
     111
      93
     109
     101
     128
     100
     103
     108
      87
      77
     117
      97
      95
     107
     110
     116
     161
     157
     160
     175
     168
     163
     113
     138
     110
     107
      96
     106
      95
     107
      96
     118
     101
      92
     120
     110
     108
     105
     100
     130
     106
      96
      98
      96
     106
     104
     101
      89
      90
     109
      88
     108
      97
      96
      90
      95
     127
     129
     146
     131
     125
     130
     129
     115
     110
     103
     100
     107
     103
      83
     103
      98
     109
     125
      98
     107
     118
     124
     130
     132
     138
     137
     132
     116
     125
     107
     112
      98
      98
     104
     112
      95
      90
      99
     126
     105
      99
     106
     106
      97
     105
     117
     113
     131
     123
      87
     130
     101
      95
      87
     103
     107
      90
      96
     112
     122
     104
     108
     121
      97
      97
      99
      95
      91
     111
     116
     104
     112
      98
     121
     111
     107
      99
      91
      87
      96
     100
      97
     107
     100
      96
      95
     114
     100
      91
     105
     113
     102
      88
      88
     106
      97
      96
     102
      85
      99
     116
     116
      98
     105
     105
     103
      81
     105
      98
     119
      93
      91
      94
     116
     108
      93
      99
     120
      93
      90
     102
      82
      80
     104
      98
     113
     109
      90
     102
      98
      93
      95
     117
     108
     103
      86
     104
     115
     107
     111
     116
     102
     108
     122
      90
     110
     110
      84
      99
     109
     126
     102
     112
     104
     118
      83
     109
     101
      91
     102
     105
      82
     107
     118
     148
     137
     160
     173
     190
     185
     193
     182
     147
     129
     134
     120
     139
     113
     119
     112
     102
     117
     110
     104
      92
     130
     100
     112
     105
     119
     116
     101
     101
     106
     125
      95
      96
     117
     103
     116
     107
     115
     105
     119
     124
     107
     108
      91
     126
      91
     123
     117
      96
     115
      95
     106
     114
     119
     126
     119
     129
     118
     135
     121
     111
     135
     131
     136
     177
     174
     188
     151
     149
     111
     118
      97
     113
     107
      91
      81
      89
     100
     103
      93
     107
      95
     100
      83
      95
      88
      86
      99
      99
      79
      92
      80
      86
      94
      98
      99
      74
      80
     105
      86
     106
      89
     104
      90
     100
      97
     103
      82
      86
      99
      88
      96
      97
      87
      74
     106
      89
      92
      78
      93
      91
     100
      96
      93
      92
     101
     108
     108
     116
     135
     135
     108
     104
      99
      95
     106
      81
      98
      90
      88
      83
      89
      77
     103
      81
      82
      79
     100
      92
      97
      74
      99
      94
      75
      91
      83
      83
      78
      90
      81
      94
      85
      76
      89
      87
      99
      77
      93
      80
      79
      87
      78
      79
      96
      83
      98
      81
      76
      86
      89
      84
      93
      86
      88
      88
      75
      88
      70
      83
      67
      89
      84
      82
      73
      90
      98
      97
      96
      84
      85
      80
      89
      99
      65
      77
      85
      81
      87
      87
      96
      69
      72
      94
      81
      89
      78
      63
      77
      80
      86
      91
      68
      71
      75
      86
     104
      95
      87
      87
      75
      68
     100
      81
      95
      92
      78
      83
      82
      95
      84
      72
      81
      75
      78
      78
      92
      90
      85
      87
      77
      82
      81
      88
      94
      94
      89
      98
      83
      97
      90
      96
     100
      99
      88
      84
      94
      92
      72
      97
     105
      86
     114
      91
     116
     112
     110
      88
      90
      86
      84
      74
      97
      84
     101
      87
      83
      86
      85
      77
      80
      86
      69
      94
      90
      87
      91
      85
      82
     112
      87
      96
      93
      90
      95
     101
     104
     106
     124
     109
     107
      94
     108
     102
     118
      93
     113
     142
     145
     144
     151
     139
     119
      99
      86
      81
      91
      79
      82
      79
      89
     100
      86
      81
      77
      78
      82
      79
      83
      87
      84
      81
     115
     115
     146
     175
     210
     183
     187
     164
     149
     108
      94
      90
      92
     105
      66
      92
      85
      88
      77
      75
      90
      99
      90
      84
      96
      86
      87
      88
      72
      88
      70
      76
      92
      79
      72
      72
      86
      85
      88
      82
      85
      85
      84
      76
      91
      79
      88
      74
      62
      81
      78
      71
      70
      72
      79
      73
      87
      86
      86
      78
      86
      83
      98
      94
      91
      84
      85
      81
      83
      87
      99
      81
      98
      85
     107
      75
      71
      80
      97
      81
      96
      80
      92
      80
      95
     108
     115
     130
     107
     150
     125
     132
     107
     106
      87
      98
     112
      95
      93
     102
     109
     110
      83
      85
      99
      95
     100
      90
      83
      83
      79
      90
      86
      92
      91
      99
      94
      94
     107
      69
      84
      76
      88
      86
      80
      77
      82
      71
      78
      79
      79
      86
      88
      77
      88
      90
     100
      93
      89
      79
      85
      86
      91
      74
      73
      85
      93
      82
     101
      77
      89
      82
      91
      85
      86
      86
      72
      83
      84
      95
      80
     104
      87
      94
      78
      80
      88
     101
      93
      88
      98
      80
      88
      80
      84
      70
     102
      90
      98
      96
      83
      99
      88
      76
      94
     100
     111
      82
      96
      98
      86
     103
      93
     100
      86
      74
      75
      67
      92
      85
      74
      89
      92
      86
      86
      88
      76
     110
      87
      85
      99
      96
      94
      87
     126
      85
     109
      91
      89
      92
      86
      91
      86
      89
      95
      96
      87
      98
      93
      73
      89
      69
      85
      79
      66
      82
      79
      67
      89
      93
      90
     101
      95
     120
     164
     269
     434
     658
     945
    1286
    1561
    1657
    1614
    1312
     940
     635
     375
     194
     121
      80
      86
      74
      64
      58
      65
      68
      62
      79
      86
      53
      65
      72
      67
      75
      67
      83
      80
      74
      76
      71
      74
      70
      78
      78
      59
      71
      73
      78
      70
      77
      49
      72
      76
      63
      77
      68
      70
      71
      73
      67
      81
      69
      79
      72
      61
      77
      71
      60
      68
      69
      74
      70
      75
      58
      75
      72
      69
      76
      65
      86
      71
      79
      76
      76
      76
      91
      74
      65
      79
      70
      82
      82
      76
      78
     102
     104
     101
     107
     107
     105
      89
      84
      94
      58
      87
      74
      72
      79
      59
      83
      58
      56
      74
      59
      66
      63
      77
      62
      64
      69
      61
      74
      75
      68
      67
      72
      74
      58
      59
      72
      64
      65
      60
      86
      67
      78
      79
      72
      74
      79
      76
      74
      62
      65
      65
      69
      66
      74
      69
      55
      73
      69
      77
      59
      70
      72
      67
      70
      74
      76
      76
      52
      56
      57
      69
      62
      68
      65
      76
      67
      78
      66
      49
      58
      81
      88
      85
      75
      72
      84
      97
      84
      78
     102
      88
      68
      99
      84
      63
      75
      62
      66
      63
      70
      58
      71
      68
      69
      79
      67
      53
      55
      65
      58
      88
      72
      67
      82
      75
      73
      79
      73
      81
      68
      66
      69
      74
      66
      73
      57
      56
      71
      75
      69
      68
      67
      70
      82
      65
      57
      74
      76
      72
      84
      74
      87
      74
      81
      99
      82
      73
      72
      80
      86
      90
      91
     119
     162
     222
     276
     351
     454
     531
     518
     537
     457
     344
     230
     151
      95
      87
      73
      78
      68
      78
      96
      73
      83
      73
      96
      82
      74
      88
      84
      69
      84
      76
      71
      57
      70
      71
      55
      74
      80
      62
      62
      77
      74
      62
      63
      73
      70
      76
      66
      83
      71
      65
      72
      78
      73
      73
      74
      60
      71
      67
      77
      66
      63
      53
      69
      72
      62
      67
      63
      59
      77
      73
      62
      55
      73
      62
      62
      57
      50
      65
      58
      60
      63
      72
      70
      69
      72
      76
      63
      67
      84
      68
      63
      64
      67
      63
      61
      64
      79
      67
      80
      65
      59
      63
      57
      59
      55
      46
      74
      55
      60
      53
      52
      58
      58
      63
      46
      64
      53
      45
      59
      61
      61
      67
      51
      61
      84
      78
      66
      63
      68
      62
      67
      50
      45
      36
      48
      63
      61
      56
      56
      50
      48
      58
      66
      73
      80
      77
      81
      81
      95
      95
      79
      68
      60
      54
      53
      50
      60
      44
      47
      48
      49
      61
      58
      66
      74
      99
      66
      87
      68
      67
      59
      57
      43
      46
      61
      44
      48
      55
      55
      50
      48
      47
      53
      42
      55
      48
      59
      53
      60
      40
      51
      46
      51
      48
      45
      42
      45
      36
      57
      61
      53
      55
      53
      35
      49
      44
      44
      44
      50
      46
      40
      50
      45
      45
      47
      50
      30
      41
      48
      43
      46
      60
      50
      44
      38
      53
      49
      34
      53
      52
      38
      34
      50
      43
      55
      40
      41
      53
      51
      46
      42
      52
      42
      48
      51
      47
      41
      46
      56
      38
      50
      38
      48
      47
      61
      50
      46
      49
      67
      72
      74
      81
     143
     226
     308
     475
     703
     998
    1291
    1388
    1426
    1290
     994
     806
     525
     305
     169
      90
      64
      58
      55
      43
      54
      38
      60
      48
      48
      44
      45
      32
      45
      46
      49
      30
      45
      44
      33
      36
      41
      31
      34
      41
      34
      24
      35
      44
      38
      23
      38
      37
      33
      46
      39
      29
      40
      37
      34
      41
      33
      23
      40
      35
      42
      38
      41
      27
      40
      30
      37
      33
      37
      38
      34
      36
      32
      52
      43
      42
      47
      38
      39
      41
      40
      36
      41
      51
      35
      39
      40
      28
      30
      38
      31
      34
      34
      46
      38
      45
      35
      44
      37
      32
      39
      37
      31
      38
      39
      33
      39
      27
      42
      31
      38
      39
      32
      33
      43
      53
      69
      75
      99
     115
     113
     110
      91
      80
      56
      52
      45
      43
      37
      35
      33
      41
      35
      31
      32
      32
      27
      36
      40
      28
      34
      23
      27
      32
      31
      45
      38
      35
      25
      37
      29
      36
      34
      17
      41
      45
      45
      35
      24
      36
      35
      37
      45
      27
      27
      31
      24
      38
      47
      26
      39
      35
      29
      37
      37
      27
      26
      32
      22
      21
      25
      32
      42
      36
      22
      24
      30
      34
      34
      40
      31
      30
      26
      35
      41
      33
      36
      26
      32
      27
      44
      33
      37
      27
      22
      33
      33
      38
      32
      20
      37
      24
      38
      24
      30
      28
      31
      36
      35
      32
      26
      39
      36
      29
      32
      39
      31
      24
      35
      34
      31
      32
      30
      38
      28
      31
      24
      30
      32
      43
      29
      31
      37
      41
      25
      30
      30
      37
      27
      33
      30
      32
      24
      34
      29
      35
      38
      32
      35
      36
      36
      30
      33
      38
      33
      34
      32
      37
      40
      28
      32
      29
      34
      34
      36
      40
      31
      33
      38
      28
      40
      37
      31
      31
      38
      34
      32
      24
      28
      41
      29
      44
      30
      32
      39
      26
      34
      29
      36
      31
      44
      31
      37
      37
      29
      32
      36
      32
      31
      35
      37
      35
      41
      37
      24
      37
      30
      30
      38
      37
      39
      39
      33
      35
      53
      30
      47
      40
      54
      49
      69
      65
      81
     138
     179
     225
     369
     498
     726
     853
     931
     852
     812
     588
     471
     311
     215
     163
     145
     167
     176
     191
     153
     147
     120
      95
      59
      53
      44
      27
      32
      41
      21
      33
      42
      37
      22
      34
      37
      31
      37
      28
      32
      34
      23
      33
      36
      41
      35
      22
      34
      36
      36
      35
      26
      31
      41
      33
      30
      43
      37
      41
      23
      46
      33
      39
      36
      43
      45
      65
      53
      62
      83
     105
     126
     203
     268
     388
     585
     765
     953
    1074
    1132
    1105
     923
     707
     505
     313
     163
     110
      52
      41
      34
      32
      33
      23
      31
      26
      24
      29
      33
      37
      48
      40
      43
      41
      36
      41
      43
      48
      30
      34
      37
      36
      29
      21
      27
      40
      36
      36
      32
      29
      28
      35
      24
      39
      36
      38
      29
      34
      42
      32
      31
      29
      25
      35
      30
      26
      34
      33
      39
      26
      25
      30
      43
      28
      52
      32
      45
      43
      36
      38
      39
      35
      39
      18
      31
      39
      32
      29
      39
      34
      26
      26
      34
      36
      36
      30
      26
      34
      27
      30
      26
      35
      33
      33
      44
      37
      36
      35
      34
      26
      36
      34
      31
      31
      37
      31
      37
      34
      45
      34
      30
      29
      32
      38
      39
      35
      26
      42
      36
      41
      26
      32
      32
      48
      24
      28
      34
      52
      34
      33
      39
      45
      28
      41
      51
      36
      34
      37
      42
      54
      48
      41
      36
      39
      31
      34
      36
      47
      49
      28
      40
      46
      44
      37
      29
      41
      44
      38
      37
      37
      35
      44
      36
      33
      41
      48
      26
      36
      38
      38
      32
      30
      33
      32
      48
      35
      41
      30
      37
      37
      48
      38
      31
      37
      42
      39
      43
      36
      39
      41
      39
      35
      29
      41
      31
      42
      36
      33
      29
      32
      38
      36
      31
      39
      35
      26
      36
      27
      36
      37
      25
      26
      38
      32
      28
      32
      22
      44
      34
      22
      27
      33
      29
      29
      28
      25
      18
      36
      30
      26
      22
      23
      30
      23
      23
      20
      35
       9
      19
      34
      23
      37
      21
      33
      27
      22
      29
      16
      22
      33
      28
      30
      22
      16
      29
      34
      20
      28
      41
      24
      17
      23
      30
      23
      23
      29
      32
      33
      33
      42
      55
      67
      97
     116
     133
     139
     123
     111
     100
      81
      61
      48
      28
      26
      30
      27
      16
      21
      18
      23
      27
      26
      23
      22
      24
      22
      22
      12
      19
      30
      23
      18
      19
      20
      31
      24
      22
      20
      18
      31
      18
      24
      23
      22
      17
      17
      22
      17
      19
      25
      20
      22
      22
      19
      19
      20
      25
      13
      22
      26
      23
      15
      19
      22
      20
      26
      25
      16
      19
      16
      17
      31
      25
      30
      19
      26
      17
      29
      24
      20
      23
      17
      27
      23
      15
      22
      15
      23
      18
      23
      18
      15
      17
      23
      20
      24
      13
      12
      25
      26
      21
      18
      21
      30
      23
      15
      26
      28
      28
      30
      20
      28
      16
      14
      14
      16
      21
      16
      19
      13
      15
      17
      18
      11
       7
      18
      15
      19
      18
      12
      16
      11
      15
      18
      13
      18
       9
      20
      22
      10
      17
      10
      16
      12
      12
      17
      14
      13
      16
      15
      15
      13
      14
      19
      13
      17
      15
      13
      18
      15
       7
      13
      17
      10
       8
      13
      17
      13
      13
      24
      22
      25
      32
      27
      30
      26
      22
      19
      13
      15
      19
      13
       8
      13
      10
       9
       8
      15
      13
      16
       9
      10
      22
      16
       6
      22
      11
      12
      12
       4
       9
      13
      16
      14
       6
      14
       9
      13
      10
       8
      20
      14
      10
      14
      11
      13
      11
      11
      15
      15
      21
       9
      21
      22
      22
      14
      14
      18
      20
      16
      14
      11
      11
      19
      21
      30
      68
      56
      85
     121
     115
     128
     103
      82
      91
      54
      39
      32
      13
      14
       5
       6
       9
      12
       7
      14
      11
       9
      10
       9
      13
       9
       9
       7
       9
       7
      11
      11
       8
       9
      10
       7
       4
      10
       8
      11
       6
       8
       6
       8
       7
       7
       8
       6
       8
      12
       8
      13
      11
      11
       9
       4
      10
      11
      12
      10
       9
       9
       6
       6
       8
       9
       7
       9
       7
       6
       8
      12
       9
       7
      10
       5
       3
       7
       6
       6
       6
       8
       5
       8
      12
       3
       3
       6
       2
       4
      14
       6
       7
       7
       8
       8
       8
       7
       7
       5
       6
       5
       5
       7
       7
       2
       5
      10
       7
       4
       8
       8
       8
       8
       9
       5
       7
       5
       8
       6
       7
       7
       8
       8
      10
       8
       7
       9
       6
       6
       6
       6
      10
      11
       4
       9
      13
       6
       5
       7
       6
       7
       2
       8
       3
       3
       9
       5
       7
       4
       6
       4
       5
       5
       5
       7
       2
       3
       4
       4
       6
       4
       2
       4
      12
       4
       7
       6
       5
       6
       7
      10
       6
       4
       9
      10
       5
       8
       7
       8
       4
       5
      11
       7
       7
       8
       6
       7
       3
       4
       3
       8
       4
       7
      10
       6
       6
       4
       5
       2
       4
       7
       2
       3
       7
       6
       3
       5
       2
       5
       5
       3
       5
       9
       7
       8
      11
       5
      10
       4
      14
       6
      10
       8
       3
       2
       4
       3
       4
       8
       8
       5
       7
       8
       9
       5
       2
       4
       7
      10
       5
       5
       8
       4
       4
       7
       4
       6
       4
       3
       4
       6
       6
       6
       3
       4
       0
       4
       4
      10
       6
       5
       4
      11
       6
       4
      11
       4
       6
       2
       8
      12
       9
      14
       9
       7
      15
       6
      12
      11
      17
      15
      10
      13
      18
      10
      26
      20
      20
      24
      38
      31
      76
     104
     127
     225
     319
     511
     657
     859
    1055
    1252
    1287
    1263
    1136
     917
     673
     468
     259
     151
      85
      48
      17
       5
       2
       4
       1
       5
       3
       0
       1
       2
       2
       3
       5
       2
       1
       1
       1
       0
       3
       3
       3
       1
       2
       2
       3
       1
       2
       2
       2
       1
       3
       2
       0
       0
       2
       4
       2
       2
       2
       1
       2
       2
       1
       2
       1
       1
       3
       3
       3
       1
       4
       0
       2
       3
       2
       3
       0
       6
       4
       2
       0
       4
       1
       4
       5
       3
       1
       0
       4
       2
       5
       4
       3
       2
       1
       1
       0
       1
       4
       0
       2
       2
       2
       3
       0
       2
       1
       3
       4
       2
       2
       0
       2
       2
       0
       2
       1
       3
       4
       2
       1
       1
       0
       0
       2
       5
       1
       0
       4
       0
       5
       3
       1
       5
       5
       2
       4
       7
       2
      11
      13
      24
      29
      48
      31
      41
      28
      40
      46
      63
      78
      70
     107
     101
     102
     113
     106
      90
      65
      42
      33
      17
      14
       9
       3
       4
       1
       2
       2
       1
       1
       2
       0
       2
       1
       0
       1
       1
       1
       1
       3
       1
       1
       0
       2
       1
       3
       3
       0
       0
       2
       0
       1
       3
       1
       0
       1
       1
       2
       3
       3
       0
       1
       2
       2
       0
       2
       0
       1
       2
       1
       1
       2
       1
       1
       3
       0
       1
       2
       1
       1
       0
       1
       2
       0
       0
       1
       1
       2
       2
       0
       1
       0
       1
       4
       1
       1
       0
       2
       0
       0
       3
       0
       0
       1
       0
       1
       1
       1
       4
       0
       2
       4
       2
       0
       1
       1
       0
       2
       2
       0
       0
       1
       4
       1
       1
       1
       1
       1
       2
       0
       3
       2
       0
       0
       1
       0
       0
       1
       2
       1
       0
       1
       2
       1
       3
       2
       3
       4
       1
       6
       1
       3
       6
       1
       0
       0
       1
       0
       0
       1
       2
       1
       0
       1
       1
       2
       2
       1
       1
       1
       0
       0
       2
       3
       3
       0
       1
       0
       0
       1
       4
       1
       1
       4
       2
       1
       4
       0
       1
       3
       2
       3
       7
       8
       9
      10
      13
      13
      26
      16
      11
      10
       8
       6
       4
       4
       3
       1
       0
       1
       3
       0
       1
       1
       0
       2
       3
       1
       1
       1
       1
       1
       2
       3
       1
       1
       0
       2
       0
       1
       1
       1
       3
       1
       3
       0
       0
       1
       1
       2
       2
       1
       0
       3
       1
       0
       0
       1
       0
       0
       0
       2
       0
       1
       0
       3
       0
       2
       0
       2
       0
       1
       2
       1
       0
       1
       1
       1
       3
       2
       2
       0
       0
       1
       1
       3
       1
       0
       0
       2
       0
       1
       0
       0
       0
       0
       1
       0
       3
       1
       0
       0
       1
       0
       3
       1
       4
       1
       2
       1
       0
       1
       1
       3
       0
       0
       0
       0
       0
       1
       2
       1
       0
       3
       2
       0
       1
       1
       0
       0
       1
       0
       2
       2
       1
       0
       0
       0
       0
       1
       0
       1
       0
       0
       1
       0
       1
       1
       2
       0
       2
       0
       2
       1
       2
       1
       1
       2
       0
       1
       3
       0
       1
       2
       1
       1
       0
       0
       3
       3
       0
       7
       3
       0
       1
       1
       2
       2
       1
       5
       0
       1
       1
       3
       3
       2
       5
       2
       5
       2
       3
       3
       2
       0
       1
       2
       0
       1
       0
       0
       3
       1
       1
       1
       1
       0
       0
       0
       1
       1
       0
       1
       2
       0
       2
       0
       0
       0
       2
       5
       1
       1
       2
       1
       0
       1
       0
       0
       0
       2
       2
       0
       1
       0
       1
       3
       0
       2
       0
       2
       1
       0
       0
       0
       0
       0
       0
       1
       0
       0
       1
       0
       2
       1
       0
       1
       2
       3
       1
       2
       5
       1
       4
       0
       1
       0
       2
       3
       1
       0
       0
       1
       1
       2
       0
       0
       1
       0
       2
       0
       0
       0
       0
       1
       3
       1
       1
       1
       2
       1
       1
       0
       1
       0
       2
       1
       1
       1
       0
       1
       0
       2
       2
       1
       2
       1
       1
       0
       0
       1
       3
       0
       0
       2
       2
       1
       1
       2
       1
       1
       0
       0
       2
       1
       1
       3
       0
       1
       0
       1
       0
       3
       0
       0
       1
       0
       1
       1
       0
       1
       0
       1
       1
       0
       1
       0
       2
       0
       0
       0
       1
       0
       1
       0
       0
       1
       1
       1
       0
       0
       1
       0
       3
       5
       0
       1
       1
       0
       1
       2
       2
       2
       0
       0
       0
       0
       0
       1
       0
       0
       0
       0
       0
       2
       0
       1
       0
       0
       0
       0
       1
       1
       0
       1
       1
       0
       1
       1
       0
       1
       0
       0
       0
       0
       0
       0
       0
       1
       0
       2
       1
       0
       0
       0
       2
       0
       1
       0
       1
       0
       1
       0
       1
       1
       1
       1
       0
       0
       2
       0
       1
       0
       0
       1
       1
       0
       0
       0
       0
       1
       1
       0
       2
       0
       1
       0
       2
       2
       1
       2
       0
       1
       0
       3
       2
       3
       0
       0
       1
       1
       0
       0
       0
       1
       0
       1
       0
       0
       1
       2
       2
       1
       1
       0
       1
       0
       1
       0
       2
       2
       2
       0
       0
       1
       2
       1
       2
       0
       1
       1
       1
       0
       1
       1
       1
       1
       0
       0
       1
       0
       0
       1
       1
       0
       2
       0
       2
       0
       1
       0
       2
       0
       0
       1
       0
       0
       0
       1
       0
       0
       1
       1
       2
       0
       1
       0
       0
       0
       0
       0
       0
       1
       0
       0
       1
       0
       2
       0
       0
       0
       1
       2
       0
       1
       0
       0
       1
       0
       3
       1
       0
       1
       2
       2
       0
       4
       3
       0
       2
       2
       4
       2
       0
       0
       2
       0
       1
       1
       1
       0
       1
       2
       1
       0
       0
       2
       1
       0
       1
       3
       0
       1
       0
       2
       0
       0
       1
       0
       0
       0
       0
       0
       1
       0
       0
       0
       1
       1
       0
       0
       3
       1
       1
       0
       0
       0
       1
       0
       1
       1
       0
       0
       0
       0
       0
       0
       0
       0
       0
       0
       3
       0
       2
       0
       3
       0
       0
       0
       1
       0
       1
       0
       1
       0
       0
       0
       0
       0
       1
       3
       0
       0
       1
       1
       2
       0
       5
       0
       9
       4
       8
       7
      10
      11
       7
       4
       6
       7
       3
       2
       2
       0
       2
       1
       2
       0
       2
       4
       1
       0
       1
       2
       2
       0
       0
       2
       1
       0
       1
       0
       0
       0
       0
       0
       1
       1
       0
       1
       0
       0
       0
       1
       1
       0
       2
       1
       0
       0
       0
       1
       0
       0
       2
       1
       0
       2
       0
       0
       0
       0
       0
       2
       1
       1
       1
       1
       0
       0
       0
       1
       0
       0
       0
       1
       0
       0
       0
       0
       1
       1
       1
       1
       0
       1
       1
       0
       1
       1
       2
       0
       1
       0
       0
       2
       0
       1
       0
       1
       0
       1
       0
       0
       1
       0
       2
       2
       2
       0
       0
       0
       2
       0
       1
       0
       2
       1
       0
       0
       0
       0
       0
       1
       0
       1
       0
       1
       0
       0
       1
       2
       1
       1
       0
       0
       0
       0
       2
       0
       0
       0
       0
       0
       0
       0
       1
       0
       2
       0
       0
       0
       0
       1
       0
       0
       0
       2
       2
       0
       1
       0
       1
       0
       0
       0
       0
       0
       0
       0
       1
       2
       0
       0
       0
       0
       0
       0
       0
       0
       0
       2
       0
       0
       0
       0
       1
       0
       0
       0
       0
       1
       0
       1
       0
       1
       0
       0
       0
       0
       1
       1
       0
       0
       1
       0
       2
       0
       0
       1
       0
       1
       0
       0
       3
       0
       0
       0
       0
       2
       0
       0
       0
       1
       0
       3
       2
       1
       1
       2
       1
       0
       2
       1
       4
       2
       0
       1
       1
       2
       0
       0
       1
       1
       0
       0
       1
       1
       0
       1
       0
       0
       0
       0
       0
       2
       0
       0
       0
       0
       2
       0
       1
       1
       0
       0
       0
       1
       1
       0
       0
       0
       0
       1
       0
       0
       0
       0
       0
       0
       0
       2
       0
       2
       1
       0
       0
       0
       0
       0
       0
       0
       1
       3
       3
       0
       2
       1
       1
       2
       0
       0
       3
       2
       1
       1
       0
       0
       2
       1
       1
       1
       1
       0
       0
       0
       0
       0
       1
       1
       1
       2
       0
       1
       0
       0
       0
       1
       1
       0
       0
       0
       0
       0
       1
       1
       0
       0
       1
       4
       1
       2
       0
       1
       1
       0
       1
       1
       0
       0
       0
       0
       1
       1
       0
       0
       0
       2
       0
       0
       0
       1
       0
       1
       2
       0
       1
       1
       1
       1
       0
       0
       0
       0
       0
       0
       0
       0
       0
       0
       0
       0
       0
       0
       2
       3
       0
       1
       0
       2
       0
       1
       0
       0
       0
       1
       2
       0
       0
       0
       0
       0
       3
       0
       0
       2
       0
       0
       1
       0
       2
       1
       1
       1
       0
       0
       1
       0
       0
       0
       0
       0
       0
       1
       1
       0
       0
       0
       0
       3
       1
       2
       1
       1
       0
       0
       1
       1
       0
       1
       1
       0
       0
       1
       0
       0
       1
       0
       0
       0
       0
       1
       1
       1
       0
       1
       1
       0
       0
       1
       0
       2
       0
       1
       1
       2
       0
       1
       1
       0
       0
       1
       0
       1
       0
       0
       0
       0
       0
       2
       0
       1
       0
       0
       0
       0
       0
       0
       1
       0
       1
       0
       0
       1
       0
       0
       0
       2
       1
       1
       2
       1
       2
       0
       0
       1
       0
       0
       0
       0
       0
       0
       1
       0
       1
       1
       0
       2
       0
       0
       0
       0
       0
       1
       0
       1
       1
       1
       0
       0
       0
       0
       0
       1
       1
       1
       1
       2
       1
       0
       0
       1
       1
       0
       1
       0
       1
       2
       0
       0
       1
       1
       0
       2
       0
       0
       0
       0
       1
       3
       0
       0
       0
       0
       1
       1
       1
       1
       2
       1
       0
       0
       0
       0
       0
       0
       0
       0
       1
       0
       0
       0
       0
       0
       0
       1
       0
       0
       2
       0
       1
       0
       1
       0
       0
       1
       1
       0
       0
       1
       0
       0
       1
       1
       0
       0
       0
       0
       0
       0
       0
       0
       0
       0
       0
       3
       0
       2
       0
       0
       0
       0
       1
       0
       2
       1
       2
       0
       0
       0
       0
       0
       0
       2
       1
       1
       1
       0
       0
       0
       0
       1
       0
       0
       1
       1
       0
       0
       1
       0
       0
       0
       0
       0
       0
       2
       0
       0
       2
       0
       0
       0
       1
       0
       0
       0
       0
       0
       1
       0
       0
       0
       1
       1
       0
       1
       0
       1
       1
       2
       0
       1
       2
       0
       2
       0
       0
       3
       0
       0
       2
       0
       0
       1
       0
       0
       0
       2
       0
       0
       0
       0
       0
       1
       0
       1
       0
       0
       0
       0
       0
       1
       1
       0
       1
       0
       2
       0
       0
       0
       2
       0
       1
       3
       0
       1
       0
       0
       0
       0
       2
       0
       0
       1
       3
       0
       1
       0
       0
       0
       0
       1
       0
       1
       0
       1
       1
       1
       1
       0
       1
       0
       0
       0
       0
       0
       0
       2
       0
       0
       1
       0
       1
       1
       1
       0
       2
       0
       1
       1
       0
       0
       0
       0
       0
       1
       0
       1
       2
       0
       0
       0
       0
       0
       0
       0
       0
       0
       1
       0
       0
       0
       0
       0
       0
       1
       2
       0
       0
       0
       1
       0
       0
       0
       1
       0
       0
       0
       0
       0
       0
       1
       2
       2
       0
       2
       0
       0
       1
       0
       1
       1
       1
       1
       0
       1
       0
       0
       0
       1
       0
       0
       0
       0
       1
       0
       0
       0
       3
       0
       0
       2
       0
       1
       2
       0
       1
       0
       0
       1
       1
       1
       1
       0
       0
       0
       1
       0
       1
       0
       0
       1
       0
       1
       0
       1
       0
       0
       0
       3
       0
       0
       2
       0
       0
       2
       3
       0
       0
       1
       0
       0
       1
       0
       0
       2
       0
       0
       1
       0
       1
       0
       2
       0
       0
       0
       0
       0
       1
       0
       0
       0
       0
       0
       0
       0
       1
       0
       0
       1
       0
       0
       0
       0
       2
       1
       1
       0
       1
       0
       2
       0
       1
       2
       4
       0
       5
       2
       2
       0
       2
       4
       0
       0
       2
       2
       2
       4
       2
       2
       0
       0
       0
       0
       0
       1
       0
       1
       1
       0
       0
       0
       1
       1
       0
       0
       1
       0
       1
       0
       2
       1
       0
       0
       1
       0
       0
       0
       0
       1
       0
       1
       1
       1
       1
       1
       0
       0
       1
       0
       0
       0
       0
       2
       0
       0
       0
       0
       0
       1
       1
       1
       0
       1
       1
       1
       0
       1
       0
       1
       0
       0
       0
       1
       0
       1
       0
       0
       1
       0
       1
       0
       2
       2
       0
       1
       1
       1
       0
       0
       1
       0
       1
       3
       2
       0
       1
       0
       0
       0
       0
       0
       0
       0
       0
       1
       0
       1
       1
       1
       1
       1
       0
       0
       0
       0
       0
       0
       0
       1
       1
       0
       1
       0
       0
       1
       0
       0
       0
       0
       0
       0
       1
       0
       1
       0
       1
       1
       0
       0
       0
       0
       0
       1
       1
       0
       0
       2
       0
       0
       0
       0
       0
       1
       0
       1
       0
       1
       1
       0
       0
       2
       0
       1
       0
       0
       0
       0
       0
       0
       1
       1
       0
       2
       0
       0
       1
       0
       1
       1
       1
       0
       0
       1
       1
       0
       0
       2
       0
       0
       0
       1
       0
       0
       1
       0
       1
       0
       1
       0
       0
       2
       1
       0
       0
       0
       0
       0
       1
       0
       3
       1
       0
       0
       0
       0
       0
       0
       0
       0
       1
       1
       0
       0
       0
       0
       0
       3
       0
       0
       0
       0
       0
       0
       0
       0
       0
       0
       1
       0
       1
       1
       0
       0
       0
       1
       0
       0
       0
       0
       0
       2
       1
       0
       0
       0
       0
       2
       0
       1
       0
       2
       1
       0
       2
       0
       1
       1
       2
       2
       0
       0
       1
       3
       5
       1
       3
       4
       2
       3
       0
       1
       1
       1
       0
       2
       1
       0
       0
       0
       3
       1
       0
       0
       0
       1
       0
       0
       1
       0
       0
       0
       1
       1
       1
       0
       0
       0
       0
       0
       0
       0
       0
       1
       0
       1
       2
       0
       2
       1
       0
       0
       1
       1
       1
       0
       2
       1
       0
       2
       0
       0
       0
       0
       0
       1
       0
       0
       1
       2
       0
       0
       0
       0
       0
       0
       2
       0
       0
       0
       0
       1
       0
       0
       1
       0
       0
       0
       0
       0
       2
       0
       1
       0
       0
       1
       0
       0
       0
       0
       0
       0
       0
       1
       0
       1
       3
       0
       1
       0
       0
       1
       0
       0
       1
       0
       0
       2
       0
       2
       1
       1
       0
       3
       2
       0
       0
       0
       1
       0
       0
       0
       0
       0
       0
       0
       0
       1
       1
       0
       1
       0
       0
       0
       1
       0
       0
       1
       0
       0
       0
       2
       0
       0
       0
       2
       0
       1
       1
       0
       0
       0
       0
       0
       0
       0
       0
       0
       1
       0
       0
       2
       0
       0
       0
       1
       0
       0
       0
       0
       0
       1
       0
       1
       1
       1
       0
       0
       0
       1
       1
       0
       0
       1
       1
       1
       0
       0
       0
       0
       1
       1
       0
       0
       0
       0
       0
       0
       1
       0
       1
       0
       0
       0
       0
       0
       1
       1
       1
       0
       1
       0
       0
       0
       0
       1
       0
       2
       0
       0
       0
       0
       0
       1
       1
       0
       0
       1
       1
       0
       0
       1
       0
       1
       0
       2
       0
       1
       1
       0
       2
       0
       1
       4
       0
       1
       0
       0
       1
       1
       1
       1
       0
       1
       1
       0
       0
       2
       2
       0
       1
       1
       0
       2
       0
       0
       1
       0
       0
       1
       1
       1
       1
       0
       0
       0
       0
       0
       0
       1
       0
       0
       0
       0
       0
       1
       1
       0
       0
       0
       1
       3
       0
       1
       0
       1
       0
       1
       2
       0
       0
       0
       0
       1
       1
       0
       0
       2
       0
       0
       3
       2
       0
       1
       1
       1
       3
       2
       0
       1
       0
       0
       1
       1
       2
       0
       1
       1
       1
       2
       0
       1
       0
       0
       0
       1
       0
       0
       0
       1
       2
       1
       0
       0
       1
       0
       0
       1
       2
       2
       0
       0
       1
       0
       0
       0
       0
       1
       0
       0
       0
       1
       2
       0
       1
       0
       1
       1
       1
       1
       2
       0
       0
       1
       2
       0
       0
       0
       0
       1
       1
       0
       2
       0
       0
       1
       1
       0
       0
       0
       0
       0
       1
       0
       1
       0
       0
       0
       1
       1
       1
       1
       1
       1
       0
       0
       0
       1
       0
       1
       1
       2
       1
       0
       1
       1
       1
       0
       0
       1
       1
       2
       3
       1
       0
       0
       0
       0
       0
       3
       0
       0
       0
       1
       1
       0
       1
       2
       0
       0
       0
       1
       0
       2
       1
       1
       0
       0
       2
       0
       1
       0
       0
       0
       1
       0
       0
       1
       1
       0
       1
       0
       0
       0
       0
       0
       0
       1
       1
       0
       0
       0
       1
       0
       1
       0
       0
       1
       0
       0
       1
       1
       1
       2
       1
       0
       0
       0
       0
       0
       1
       0
       0
       2
       0
       0
       1
       1
       0
       2
       0
       0
       2
       0
       0
       1
       1
       0
       0
       0
       1
       0
       1
       0
       0
       2
       0
       0
       1
       3
       0
       0
       0
       0
       0
       1
       1
       1
       1
       1
       2
       0
       1
       1
       0
       0
       0
       1
       0
       0
       1
       0
       1
       0
       0
       0
       0
       0
       0
       0
       0
       0
       0
       0
       0
       0
       0
       1
       0
       0
       0
       0
       0
       0
       0
       1
       1
       1
       0
       2
       1
       0
       0
       0
       0
       0
       0
       0
       0
       0
       1
       0
       0
       0
       0
       0
       0
       2
       0
       1
       1
       0
       0
       2
       0
       0
       1
       0
       1
       0
       0
       1
       0
       1
       0
       3
       0
       0
       0
       0
       0
       1
       1
       0
       0
       1
       1
       0
       0
       1
       2
       0
       0
       1
       0
       1
       1
       0
       0
       0
       0
       0
       0
       0
       1
       0
       0
       0
       0
       0
       0
       0
       0
       0
       3
       0
       0
       0
       0
       0
       0
       0
       0
       1
       0
       1
       0
       2
       1
       2
       0
       2
       1
       3
       2
       0
       2
       2
       3
       1
       2
       0
       0
       0
       0
       0
       1
       0
       0
       1
       1
       1
       0
       0
       0
       1
       1
       1
       0
       0
       0
       1
       0
       0
       0
       0
       1
       0
       0
       0
       0
       0
       0
       0
       0
       0
       1
       0
       0
       0
       0
       0
       0
       0
       0
       0
       0
       0
       0
       0
       0
       1
       0
       0
       1
       0
       1
       0
       1
       1
       1
       0
       0
       1
       0
       0
       0
       0
       2
       0
       0
       0
       0
       0
       0
       0
       0
       0
       0
       0
       1
       0
       0
       0
       0
       1
       0
       0
       0
       0
       0
       0
       0
       0
       0
       0
       0
       0
       0
       0
       0
       0
       0
       1
       0
       0
       0
       0
       2
       0
       0
       0
       0
       0
       1
       0
       0
       0
       0
       0
       0
       0
       0
       0
       0
       0
       0
       0
       0
       0
       0
       0
       0
       0
       0
       0
       1
       0
       0
       0
       0
       0
       0
       1
       0
       0
       0
       2
       0
       0
       0
       0
       0
       0
       1
       0
       0
       0
       1
       0
       0
       0
       0
       0
       0
       0
       0
       0
       0
       0
       0
       0
       1
       0
       0
       0
       0
       0
       1
       0
       0
       0
       0
       0
       0
       0
       0
       0
       0
       0
       0
       0
       0
       0
       0
       0
       0
       0
       0
       0
       0
       0
       1
       0
       0
       0
       0
       0
       0
       0
       1
       0
       0
       0
       0
       1
       0
       0
       0
       1
       0
       0
       0
       0
       0
       0
       0
       0
       0
       0
       0
       0
       0
       0
       0
       0
       0
       0
       0
       0
       0
       0
       0
       0
       0
       1
       2
       0
       0
       0
       0
       0
       0
       0
       0
       0
       0
       1
       0
       1
       0
       0
       0
       0
       0
       0
       0
       0
       0
       0
       0
       0
       0
       0
       0
       0
       0
       0
       0
       0
       0
       1
       0
       0
       0
       0
       0
       1
       0
       0
       0
       1
       0
       0
       0
       1
       0
       0
       0
       0
       0
       0
       0
       0
       0
       0
       0
       0
       0
       0
       0
       0
       0
       0
       0
       0
       0
       0
       0
       0
       0
       0
       0
       0
       0
       0
       1
       0
       0
       0
       1
       0
       0
       0
       0
       0
       0
       0
       0
       0
       0
       0
       0
       0
       0
       1
       0
       0
       0
       1
       1
       0
       0
       0
       0
       0
       0
       0
       0
       0
       0
       0
       0
       0
       0
       0
       0
       0
       0
       1
       0
       0
       0
       0
       1
       0
       0
       0
       0
       1
       0
       0
       0
       0
       0
       0
       0
       0
       0
       0
       0
       0
       0
       0
       0
       0
       0
       1
       0
       0
       0
       0
       0
       0
       0
       0
       0
       0
       2
       0
       0
       2
       0
       0
       0
       0
       0
       0
       0
       0
       0
       0
       0
       0
       0
       0
       1
       2
       1
       1
       1
       1
       1
       4
       2
       3
       1
       9
       6
       9
       7
       8
      11
      13
      15
      12
      13
      12
      12
      21
      11
       8
       6
       2
       4
       2
       0
       0
       0
       0
       1
       0
       0
       0
       0
       0
       0
       0
       0
       0
       0
       0
       0
       0
       0
       0
       0
       0
       0
       0
       0
       0
       0
       0
       0
       0
       0
       0
       0
       0
       0
       0
       0
       0
       0
       0
       0
       0
       0
       0
       0
       0
       0
       0
       0
       0
       0
       0
       0
       0
       0
       0
       1
       0
       0
       0
       0
       0
       0
       0
       0
       0
       0
       0
       0
       0
       0
       0
       0
       0
       0
       0
       0
       0
       0
       0
       0
       0
       0
       0
       0
       0
       0
       0
       0
       0
       0
       0
       0
       0
       0
       0
       0
       0
       0
       0
       0
       0
       0
       0
       0
       0
       0
       0
       0
       0
       0
       0
       0
       0
       0
       0
       0
       0
       0
       0
       0
       0
       0
       0
       0
       0
       0
       0
       0
       0
       0
       0
       0
       0
       0
       0
       0
       1
       0
       0
       0
       0
       0
       0
       0
       0
       0
       0
       0
       0
       0
       0
       0
       0
       0
       0
       0
       0
       0
       0
       0
       0
       0
       0
       0
       0
       0
       0
       0
       0
       0
       0
       0
       0
       0
       0
       0
       0
       0
       0
       0
       0
       0
       0
       0
       0
       0
       0
       0
       0
       0
       0
       0
       0
       0
       0
       1
       0
       0
       0
       0
       0
       0
       0
       0
       0
       0
       0
       0
       0
       0
       0
       0
       0
       0
       0
       0
       0
       0
       0
       0
       0
       0
       0
       0
       0
       0
       0
       0
       0
       0
       0
       0
       0
       0
       0
       0
       0
       0
       0
       0
       0
       0
       0
       0
       0
       0
       0
       0
       0
       0
       0
       0
       0
       0
       0
       0
       0
       0
       0
       0
       0
       0
       0
       0
       0
       0
       0
       0
       0
       0
       0
       0
       0
       0
       0
       0
       0
       0
       0
       0
       0
       0
       0
       0
       0
       0
       0
       0
       0
       0
       0
       0
       0
       0
       0
       0
       0
       0
       1
       0
       0
       0
       0
       0
       0
       0
       0
       0
       0
       0
       0
       0
       0
       0
       0
       0
       0
       0
       0
       0
       0
       0
       0
       0
       0
       0
       0
       0
       0
       0
       0
       0
       0
       0
       0
       0
       0
       0
       0
       0
       0
       0
       0
       0
       0
       0
       0
       0
       0
       0
       0
       0
       0
       0
       0
       0
       0
       0
       0
       0
       0
       0
       0
       0
       0
       0
       0
       0
       0
       0
       0
       0
       0
       0
       0
       0
       0
       0
       0
       0
       0
       0
       0
       0
       0
       0
       0
       0
       0
       0
       0
       0
       0
       0
       0
       0
       0
       0
       0
       0
       0
       0
       0
       0
       0
       0
       0
       0
       0
       0
       0
       0
       0
       0
       0
       0
       0
       0
       0
       0
       0
       0
       0
       0
       0
       0
       1
       0
       0
       0
       0
       1
       0
       0
       0
       0
       0
       0
       0
       0
       0
       0
       0
       0
       0
       0
       0
       0
       0
       0
       0
       0
       0
       0
       0
       0
       0
       0
       0
       0
       0
       0
       0
       0
       0
       0
       0
       0
       0
       0
       0
       0
       0
       0
       0
       0
       0
       0
       0
       0
       0
       0
       0
       0
       0
       0
       0
       0
       0
       0
       0
       0
       0
       0
       0
       0
       0
       0
       0
       0
       0
       0
       0
       0
       0
       0
       0
       0
       0
       0
       0
       0
       0
       0
       0
       0
       0
       0
       0
       0
       1
       0
       0
       0
       0
       0
       0
       0
       0
       0
       0
       0
       0
       0
       0
       0
       0
       0
       0
       0
       0
       0
       0
       0
       0
       0
       0
       0
       0
       0
       0
       0
       0
       0
       0
       0
       0
       0
       0
       0
       0
       0
       0
       0
       0
       0
       0
       0
       0
       0
       0
       0
       0
       0
       0
       0
       0
       0
       0
       0
       0
       0
       0
       0
       0
       0
       0
       0
       0
       0
       1
       0
       0
       0
       0
       0
       0
       0
       0
       0
       0
       0
       0
       0
       0
       0
       0
       0
       0
       0
       0
       0
       0
       0
       0
       0
       0
       0
       0
       0
       0
       0
       0
       0
       0
       0
       0
       0
       0
       0
       0
       0
       0
       0
       0
       0
       0
       0
       0
       0
       0
       0
       0
       0
       0
       0
       0
       0
       0
       0
       0
       0
       0
       0
       0
       0
       0
       0
       0
       0
       0
       0
       0
       0
       0
       0
       0
       0
       0
       0
       0
       0
       0
       0
       0
       0
       0
       0
       0
       0
       0
       0
       0
       0
       0
       0
       0
       0
       0
       0
       0
       0
       0
       0
       0
       0
       0
       0
       0
       0
       0
       0
       0
       0
       0
       0
       0
       0
       0
       0
       0
       0
       0
       0
       0
       0
       0
       0
       0
       0
       0
       0
       0
       0
       0
       0
       0
       0
       0
       0
       0
       0
       0
       0
       0
       0
       0
       0
       0
       0
       0
       0
       0
       0
       0
       0
       0
       0
       0
       0
       0
       0
       0
       0
       0
       0
       0
       0
       0
       0
       0
       0
       0
       0
       0
       0
       0
       0
       0
       0
       0
       0
       0
       0
       0
       0
       0
       0
       0
       0
       0
       0
       0
       0
       0
       0
       0
       0
       0
       0
       0
       0
       0
       0
       0
       0
       0
       0
       0
       0
       0
       0
       0
       0
       0
       0
       0
       0
       0
       0
       0
       0
       0
       0
       0
       0
       0
       0
       0
       0
       0
       0
       0
       0
       0
       0
       0
       0
       0
       0
       0
       0
       0
       0
       0
       0
       0
       0
       1
       0
       0
       0
       0
       0
       0
       0
       0
       0
       0
       0
       0
       0
       0
       0
       0
       0
       0
       0
       0
       0
       0
       0
       0
       0
       0
       0
       0
       0
       0
       0
       0
       0
       0
       0
       0
       0
       0
       0
       0
       0
       0
       0
       0
       0
       0
       0
       0
       0
       0
       0
       0
       0
       0
       0
       0
       0
       0
       0
       0
       0
       0
       0
       0
       0
       0
       0
       0
       0
       0
       0
       0
       0
       0
       0
       0
       0
       0
       0
       0
       0
       0
       0
       0
       0
       0
       0
       0
       0
       0
       0
       0
       0
       0
       0
       0
       0
       0
       0
       0
       0
       0
       0
       0
       0
       0
       0
       0
       0
       0
       0
       0
       0
       0
       0
       0
       0
       1
       0
       0
       0
       0
       0
       0
       0
       0
       0
       0
       0
       0
       0
       0
       0
       0
       0
       0
       0
       0
       0
       0
       0
       0
       0
       0
       0
       0
       0
       0
       0
       0
       0
       0
       0
       0
       0
       0
       0
       0
       0
       0
       0
       0
       0
       0
       0
       0
       0
       0
       0
       0
       0
       0
       0
       0
       0
       0
       0
       0
       0
       0
       0
       0
       0
       0
       0
       0
       0
       0
       0
       0
       0
       0
       0
       0
       0
       0
       0
       0
       1
       0
       0
$ROI:
5
3303 3321
3539 3556
3832 3857
3937 4042
7053 7203
$PRESETS:
None
0
0
$ENER_FIT:
0.369260 0.365870
$MCA_CAL:
3
3.692600E-001 3.658700E-001 4.208100E-008 keV
$SHAPE_CAL:
3
3.291200E+000 7.847500E-004 -2.769900E-008
