$SPEC_ID:
No sample description was entered.
$SPEC_REM:
DET# 3
DETDESC# Mechanically Cooled
AP# GammaVision Version 6.09
$DATE_MEA:
04/04/2023 12:34:55
$MEAS_TIM:
12792 12893
$DATA:
0 8191
       0
       0
       0
       0
       0
       0
       0
       0
       0
       0
       0
       0
       0
       0
       0
       0
       0
       0
       0
       0
       0
       0
       0
       0
       0
       0
       2
       0
       0
       0
       0
       0
       0
       1
       0
       0
       0
       0
       2
      96
    1657
    3562
    3703
    3792
    3748
    3672
    3651
    3652
    3730
    3481
    3523
    3583
    3533
    3678
    3529
    3457
    3435
    3433
    3252
    3390
    3402
    3273
    3359
    3455
    3284
    3306
    3207
    3307
    3221
    3301
    3211
    3277
    3145
    3215
    3062
    3042
    3097
    3039
    3082
    2971
    3010
    3000
    2971
    2959
    2862
    3033
    2893
    2955
    2922
    2844
    2883
    2774
    2766
    2750
    2745
    2694
    2740
    2676
    2632
    2615
    2684
    2626
    2654
    2626
    2718
    2593
    2599
    2579
    2580
    2659
    2653
    2495
    2478
    2478
    2428
    2487
    2455
    2408
    2462
    2402
    2451
    2420
    2310
    2374
    2382
    2337
    2267
    2301
    2328
    2337
    2305
    2308
    2317
    2273
    2294
    2294
    2257
    2276
    2249
    2301
    2257
    2237
    2355
    2291
    2476
    2324
    2388
    2382
    2454
    2299
    2417
    2318
    2334
    2408
    2511
    2527
    2627
    2687
    2694
    2719
    2750
    2789
    2853
    2879
    2904
    2957
    2932
    2949
    3038
    3039
    3124
    3097
    2999
    3063
    3082
    3050
    3002
    3091
    3043
    3062
    3004
    3142
    3232
    3277
    3265
    3343
    3439
    3573
    3443
    3330
    3203
    3127
    3247
    3173
    3247
    3455
    3737
    3944
    4270
    4437
    4977
    5712
    7019
    8063
    8592
    7935
    7440
    7364
    7813
    8925
    9266
    8392
    6853
    5279
    3904
    3263
    2903
    2857
    2856
    2766
    2779
    2741
    2876
    2766
    2752
    2771
    2900
    3236
    3315
    3852
    3885
    3849
    3899
    3696
    3808
    4210
    4752
    5138
    5180
    4736
    4216
    3740
    3468
    3287
    3564
    3441
    3458
    3108
    2994
    2881
    2808
    2782
    2786
    2966
    2850
    2797
    2872
    2822
    2780
    2789
    2828
    2816
    2918
    2749
    2908
    2908
    2818
    2828
    2839
    2852
    2844
    2878
    2842
    2775
    2875
    2937
    2886
    2860
    2956
    2818
    2886
    2996
    2914
    2914
    2894
    2859
    2835
    2969
    2964
    2889
    2825
    2918
    2975
    2902
    2859
    2917
    2995
    2936
    2933
    3000
    2895
    2879
    3038
    2882
    2997
    3004
    2876
    3042
    2883
    2941
    2878
    2924
    3100
    3078
    3212
    3122
    2966
    2940
    2983
    2846
    2912
    2882
    2903
    2845
    2856
    2972
    2777
    2807
    2914
    2941
    2757
    2804
    2839
    2842
    2926
    2946
    2784
    2987
    2964
    2950
    2974
    3046
    2891
    2922
    3024
    3011
    2985
    2975
    3009
    2961
    2992
    2957
    2959
    3019
    2987
    3022
    2995
    3079
    2987
    3078
    2978
    3014
    2882
    2909
    2924
    2881
    2909
    2993
    2895
    2843
    2865
    2868
    2777
    2795
    2810
    2829
    2828
    2785
    2825
    2720
    2788
    2733
    2788
    2696
    2675
    2731
    2640
    2706
    2604
    2683
    2665
    2705
    2703
    2643
    2691
    2614
    2537
    2600
    2583
    2606
    2553
    2606
    2573
    2582
    2541
    2473
    2472
    2517
    2450
    2423
    2465
    2403
    2361
    2459
    2322
    2315
    2332
    2368
    2286
    2244
    2293
    2340
    2234
    2295
    2299
    2146
    2218
    2143
    2194
    2185
    2173
    2223
    2171
    2100
    2087
    2168
    2186
    2052
    2124
    2110
    2094
    2135
    1972
    2037
    2015
    2082
    2063
    2043
    2050
    2057
    2003
    1986
    2018
    1973
    2075
    2088
    2024
    2028
    2029
    1987
    1983
    1952
    1921
    1944
    1888
    1925
    1997
    1957
    1935
    1937
    1925
    1935
    1935
    1862
    1860
    1864
    1831
    1914
    1859
    1840
    1841
    1936
    1919
    1850
    1769
    1871
    1881
    1846
    1887
    1833
    1866
    1858
    1764
    1868
    1748
    1837
    1824
    1807
    1703
    1785
    1789
    1813
    1742
    1730
    1880
    1852
    1827
    1905
    1876
    1766
    1796
    1721
    1687
    1767
    1738
    1681
    1700
    1724
    1673
    1658
    1711
    1730
    1666
    1761
    1685
    1680
    1649
    1653
    1715
    1696
    1651
    1617
    1687
    1681
    1624
    1559
    1677
    1661
    1597
    1668
    1610
    1632
    1639
    1644
    1659
    1640
    1606
    1639
    1541
    1603
    1592
    1580
    1546
    1623
    1617
    1594
    1585
    1563
    1561
    1567
    1526
    1558
    1569
    1535
    1527
    1559
    1523
    1446
    1524
    1582
    1534
    1571
    1536
    1494
    1586
    1475
    1527
    1500
    1527
    1470
    1421
    1445
    1490
    1470
    1439
    1448
    1531
    1439
    1440
    1575
    1549
    1543
    1528
    1440
    1415
    1362
    1411
    1320
    1299
    1321
    1303
    1334
    1409
    1401
    1346
    1351
    1348
    1389
    1339
    1383
    1340
    1343
    1322
    1260
    1374
    1309
    1397
    1362
    1342
    1280
    1236
    1318
    1306
    1324
    1242
    1331
    1362
    1279
    1265
    1225
    1268
    1279
    1272
    1262
    1227
    1279
    1306
    1299
    1257
    1281
    1278
    1270
    1229
    1289
    1356
    1590
    2026
    3284
    5608
    9353
   13246
   16696
   17024
   14493
   10739
    7075
    4597
    3403
    2882
    2674
    2204
    1821
    1449
    1178
    1086
    1061
    1026
     931
    1037
     955
     982
    1018
     968
     996
     998
     943
     948
     968
     992
     950
     976
     934
     927
     960
     948
     933
     921
     990
    1034
    1036
    1038
    1019
     988
     917
     915
     978
     907
     901
     939
     904
     924
     976
     875
     865
     916
     876
     882
     897
     841
     853
     855
     850
     868
     840
     912
     868
     859
     807
     837
     841
     854
     862
     821
     819
     878
     823
     852
     845
     852
     848
     864
     829
     850
     849
     823
     846
     841
     856
     887
     835
     832
     859
     777
     843
     768
     813
     821
     723
     772
     806
     769
     776
     833
     907
     986
    1175
    1340
    1479
    1557
    1356
    1178
     935
     858
     786
     759
     750
     804
     746
     773
     720
     699
     733
     713
     758
     726
     745
     727
     784
     735
     726
     675
     731
     754
     756
     752
     764
     828
     866
     832
     782
     739
     770
     728
     729
     677
     727
     691
     701
     696
     665
     721
     705
     735
     757
     870
     952
     967
     953
     880
     804
     744
     657
     710
     671
     718
     807
     910
    1152
    1426
    1569
    1649
    1526
    1306
     986
     814
     661
     663
     689
     641
     616
     606
     621
     647
     639
     638
     620
     626
     641
     619
     608
     621
     588
     620
     602
     639
     682
     583
     576
     593
     615
     631
     622
     637
     583
     606
     624
     591
     627
     587
     639
     630
     624
     590
     588
     632
     586
     580
     585
     607
     611
     588
     595
     587
     592
     562
     584
     548
     561
     587
     556
     587
     554
     590
     542
     576
     552
     586
     551
     583
     586
     587
     561
     560
     595
     636
     589
     654
     566
     636
     620
     567
     541
     639
     564
     561
     578
     551
     538
     559
     542
     570
     556
     538
     598
     581
     537
     581
     621
     582
     579
     593
     639
     656
     674
     708
     735
     643
     637
     568
     547
     490
     501
     520
     534
     509
     513
     470
     533
     507
     505
     478
     510
     502
     486
     475
     484
     517
     487
     529
     468
     475
     480
     493
     478
     541
     493
     531
     624
     775
     872
     983
    1020
     981
     836
     727
     605
     535
     527
     480
     483
     432
     449
     443
     458
     451
     496
     472
     459
     506
     503
     465
     475
     437
     427
     460
     448
     454
     464
     431
     444
     485
     473
     425
     457
     450
     411
     440
     446
     425
     469
     457
     455
     440
     422
     436
     476
     427
     425
     476
     416
     461
     419
     429
     429
     442
     423
     445
     453
     435
     434
     433
     483
     456
     466
     455
     448
     450
     465
     463
     456
     447
     439
     433
     447
     453
     444
     458
     412
     424
     443
     431
     450
     425
     433
     433
     446
     418
     404
     405
     440
     444
     418
     405
     444
     440
     399
     395
     447
     433
     459
     417
     442
     425
     395
     409
     420
     439
     396
     409
     399
     407
     391
     445
     426
     451
     413
     399
     414
     465
     406
     408
     387
     444
     394
     434
     412
     443
     392
     379
     409
     412
     392
     415
     405
     402
     378
     379
     412
     406
     384
     401
     371
     378
     395
     360
     407
     372
     373
     398
     415
     360
     382
     400
     333
     377
     387
     372
     412
     371
     401
     359
     376
     345
     380
     369
     345
     348
     382
     360
     343
     331
     361
     323
     347
     339
     354
     342
     356
     338
     331
     327
     346
     297
     303
     368
     366
     332
     361
     372
     351
     363
     356
     339
     299
     338
     326
     381
     341
     346
     314
     357
     298
     338
     306
     317
     286
     298
     344
     336
     270
     348
     306
     310
     333
     314
     299
     345
     335
     347
     315
     338
     314
     332
     309
     303
     304
     279
     306
     313
     311
     316
     317
     320
     286
     301
     323
     292
     328
     304
     332
     306
     308
     326
     318
     298
     291
     320
     302
     295
     289
     321
     302
     292
     294
     261
     316
     310
     275
     288
     305
     302
     301
     301
     292
     279
     275
     320
     274
     311
     278
     281
     279
     325
     295
     320
     349
     376
     383
     354
     343
     346
     309
     283
     298
     292
     283
     283
     270
     282
     282
     277
     265
     250
     305
     277
     274
     310
     252
     287
     273
     275
     299
     263
     341
     334
     322
     319
     306
     311
     287
     286
     255
     288
     233
     258
     267
     284
     266
     275
     267
     264
     256
     278
     297
     282
     250
     284
     274
     272
     258
     268
     272
     294
     298
     271
     266
     276
     266
     247
     243
     262
     265
     237
     271
     231
     283
     241
     242
     266
     236
     240
     236
     273
     253
     263
     281
     273
     240
     274
     254
     240
     267
     266
     264
     266
     246
     235
     251
     273
     257
     270
     277
     245
     257
     282
     249
     270
     236
     231
     221
     240
     228
     269
     255
     251
     250
     254
     223
     240
     265
     259
     249
     238
     274
     228
     242
     256
     238
     243
     242
     228
     267
     263
     259
     259
     255
     243
     247
     248
     241
     252
     226
     230
     246
     228
     253
     230
     222
     294
     234
     235
     237
     252
     289
     279
     275
     281
     289
     324
     428
     545
     749
    1146
    1453
    1778
    1918
    1911
    1543
    1161
     830
     602
     410
     315
     284
     263
     261
     242
     234
     252
     224
     226
     234
     238
     224
     226
     245
     211
     209
     231
     215
     238
     209
     221
     211
     209
     211
     237
     234
     215
     211
     229
     205
     212
     255
     236
     216
     217
     220
     227
     216
     223
     217
     213
     219
     209
     214
     199
     211
     223
     219
     195
     199
     223
     219
     218
     229
     208
     215
     240
     212
     207
     217
     218
     230
     231
     219
     210
     199
     200
     222
     235
     208
     202
     212
     227
     202
     224
     215
     214
     182
     194
     206
     211
     219
     199
     244
     205
     207
     187
     186
     230
     214
     221
     232
     190
     220
     197
     211
     222
     240
     221
     228
     243
     235
     225
     201
     204
     200
     208
     196
     196
     230
     223
     188
     226
     199
     224
     211
     211
     197
     201
     180
     175
     201
     213
     209
     190
     207
     232
     214
     207
     169
     209
     200
     206
     205
     203
     182
     212
     199
     203
     205
     189
     207
     213
     206
     198
     196
     191
     178
     199
     184
     183
     189
     205
     187
     211
     211
     201
     181
     212
     187
     194
     195
     180
     194
     188
     180
     201
     200
     176
     197
     189
     190
     213
     189
     185
     203
     198
     210
     211
     211
     240
     202
     237
     305
     410
     650
    1060
    1830
    2839
    3964
    4778
    4993
    4576
    3785
    2617
    1570
     865
     452
     276
     206
     155
     151
     186
     186
     156
     166
     161
     167
     167
     179
     154
     170
     160
     156
     155
     172
     156
     154
     190
     181
     162
     178
     182
     182
     154
     181
     182
     179
     173
     172
     156
     188
     175
     142
     171
     148
     156
     163
     179
     167
     157
     156
     173
     147
     175
     156
     153
     161
     162
     147
     163
     170
     177
     167
     173
     188
     180
     232
     335
     445
     519
     638
     721
     651
     643
     537
     365
     279
     241
     171
     170
     137
     151
     163
     147
     156
     156
     165
     168
     157
     144
     164
     155
     143
     156
     151
     131
     150
     151
     174
     155
     164
     186
     125
     174
     134
     135
     143
     166
     142
     140
     165
     149
     171
     149
     145
     128
     121
     145
     138
     167
     141
     133
     146
     130
     129
     142
     133
     152
     147
     167
     131
     135
     131
     134
     149
     150
     137
     167
     153
     161
     131
     158
     150
     153
     134
     152
     126
     163
     129
     141
     142
     144
     146
     127
     138
     140
     154
     140
     133
     141
     141
     149
     141
     157
     168
     146
     142
     133
     137
     151
     148
     150
     171
     125
     146
     148
     151
     140
     163
     141
     159
     137
     138
     152
     142
     153
     148
     127
     139
     114
     141
     167
     135
     169
     150
     154
     123
     155
     132
     151
     131
     140
     151
     125
     149
     138
     150
     145
     152
     162
     185
     213
     246
     298
     305
     323
     319
     265
     203
     214
     161
     150
     150
     157
     161
     150
     159
     149
     138
     138
     127
     123
     124
     113
     123
     133
     114
     133
     134
     138
     137
     140
     128
     125
     136
     126
     141
     148
     128
     137
     151
     159
     137
     125
     132
      88
     129
     123
     141
     127
     127
     117
     164
     136
     113
     152
     127
     120
     125
     143
     134
     118
     108
     118
     126
     150
     111
     120
     132
     124
     133
     135
     120
     162
     118
     140
     123
     102
     136
     142
     141
     128
     117
     142
     125
     105
     132
     129
     116
     126
     138
     122
     133
     124
     138
     124
     146
     123
     142
     140
     135
     142
     105
     108
     119
     130
     115
     124
     146
     134
     113
     123
     127
     112
     131
     141
     137
     133
     121
     141
     116
     117
     129
     124
     127
     120
     137
     119
     133
     138
     124
     147
     129
     116
     127
     117
     107
     121
     113
     118
     126
     114
     126
     129
     110
     124
     115
     113
     117
     133
     119
     125
     131
      99
     115
     112
     125
     117
      98
     134
     119
     112
     124
     129
     116
     141
     135
     144
     143
     115
     140
     128
     141
     130
     123
     153
     131
     167
     215
     305
     446
     654
     832
     951
     957
     969
     718
     519
     357
     252
     195
     134
     121
     113
     107
     104
     136
     105
     111
     122
      91
     111
     111
     110
     102
     101
     122
     102
     111
     114
     125
     119
     110
     104
     122
     119
     104
     121
      91
     112
     103
     102
     112
     131
     153
     120
     133
     123
      97
     115
     112
     112
     107
     136
      91
     106
      97
     116
     105
     110
     110
     106
     102
     117
     102
     133
     102
     114
     133
     106
     121
     102
     125
      86
      91
     129
     115
     114
     121
     103
     121
     127
     115
     105
     121
     110
      98
     108
     114
      86
     116
     111
     117
     114
     105
     122
      99
     116
     160
     161
     162
     169
     195
     190
     147
     171
     139
     141
     123
     129
     109
     128
     149
     124
     151
     147
     147
     162
     145
     127
     142
     127
     115
     121
     111
     123
     120
     118
     113
     123
     118
     104
      94
      97
     118
      98
     106
     106
     113
      91
     108
      95
      84
     103
     101
      85
      97
     108
     116
      99
      98
      92
     114
      97
     109
     110
     120
     123
     131
     156
     202
     207
     199
     234
     201
     202
     159
     127
     139
     122
     105
     118
     117
     120
     101
      90
      92
      97
     101
     119
      96
     109
      87
     110
     101
     106
     128
     143
     149
     145
     126
     154
      98
     114
     105
      92
      97
      91
     120
      99
      90
      87
      80
      89
      86
      91
     101
      96
      89
      96
     100
      97
      94
      83
      94
     104
     123
      89
     109
     117
      98
      95
      99
      86
      94
     106
      83
      89
      91
      95
      91
      98
      88
     105
      88
     114
      97
      82
      82
     110
     102
      91
      92
      91
      83
     100
      97
      89
     100
      79
      94
      96
     104
     104
      88
      90
      84
     100
      88
      96
      96
      96
      99
      90
      93
      87
      98
      85
      86
     117
      99
      99
     105
     110
      84
      77
      98
      94
     107
      99
     107
     102
      82
      90
     111
      78
      92
     109
      89
      95
      86
     101
      99
      86
     110
      89
     102
      99
     107
     123
     103
     101
     102
     107
      87
     109
      96
      98
     103
     101
     107
     107
     108
      87
     104
     103
      81
     103
      96
      86
      79
      79
      91
      83
     100
     101
     102
      89
      78
      86
      73
      92
      81
      89
      90
      84
      99
      93
      89
      80
      91
      99
      84
      89
      95
      81
      92
     105
      82
      80
      95
      88
     106
      93
     102
      92
     105
      95
     118
     104
      95
     146
     178
     220
     302
     422
     495
     527
     585
     523
     469
     340
     259
     172
     121
     108
     114
      92
      91
      91
      79
      94
      81
      99
      82
      86
      78
      83
      85
      97
      93
      78
      90
      99
      69
      83
      93
      94
      84
     100
      70
      91
      93
      74
      68
      98
      98
      71
      85
      73
      72
      89
      98
      89
      70
      82
      66
      70
      75
      67
      92
     106
      88
      87
      98
      95
      78
      73
      72
      93
      80
      72
      82
      87
      81
      93
      69
      78
      89
      82
     102
      85
      92
      69
      89
      93
     103
     102
      83
      82
      81
     104
      95
      90
     115
     113
     107
     115
     134
     118
     104
      94
     102
      95
      89
      85
      93
      93
      93
      85
      84
      99
      97
      86
      81
     103
      75
      81
      74
      67
      74
      94
     106
      79
      77
      85
      83
      86
      81
      78
      92
      72
      72
     103
      83
      80
      97
      79
     100
     103
     134
     132
     198
     226
     277
     354
     351
     323
     306
     231
     152
     127
     106
      87
      90
      72
      62
      75
      66
      86
      70
      80
      79
      79
      80
      69
      80
      78
      90
      84
      82
      81
      86
     100
      78
      86
      77
      75
      75
     112
      68
      97
      91
      69
      65
      69
      77
      71
      75
      84
      80
      81
      73
      93
      74
      84
      68
      88
      87
      69
      81
      97
     102
      82
      90
      98
     105
     101
      98
      98
      93
      82
     102
      86
      69
      79
      72
      77
      79
      77
      70
      72
      82
      88
      68
      75
      72
      83
      76
      90
      69
      80
      84
      63
      60
      82
      66
      67
      86
      72
      73
      81
      93
      74
      68
      74
      65
     101
      83
      86
      98
      82
      96
      92
      94
      89
      94
      81
      94
      95
      70
      86
      66
      81
      81
      69
      75
      75
      75
      61
      77
      88
      66
      70
      78
      84
      87
      73
      87
      75
      74
      88
      74
      71
      89
      74
      74
      88
     104
      89
     114
     123
     122
     116
     113
     112
      99
     110
     112
     128
     146
     176
     225
     196
     199
     236
     197
     149
     130
     101
      96
      86
      80
      80
      76
      63
      66
      80
      64
      81
      66
      84
      62
      64
      76
      82
      75
      80
      73
      44
      67
      71
      77
      75
      76
      69
      81
      85
      71
      74
      72
      89
      92
      74
      95
      84
      62
      69
      61
      69
      76
      87
      72
      62
      70
      67
      64
      59
      59
      64
      69
      94
      65
      60
      75
      68
      64
      71
      69
      69
      80
      77
      62
      76
      79
      71
      79
      89
      67
      67
      64
      59
      56
      60
      81
      65
      91
      62
      80
      90
      86
      84
      92
      92
      79
      71
      83
      72
      76
      61
      73
      66
      68
      61
      63
      68
      63
      64
      57
      63
      71
      86
      63
      63
      68
      75
      62
      76
      75
      72
      55
      71
      49
      68
      66
      77
      56
      60
      52
      73
      77
      57
      72
      61
      73
      61
      63
      81
      72
      71
      72
      65
      56
      65
      75
      74
      75
      53
      64
      57
      82
      67
      61
      79
      74
      60
      60
      87
      67
      60
      67
      80
      61
      74
      51
      69
      73
      63
      67
      58
      65
      74
      76
      78
      66
      59
      57
      59
      76
      77
      78
      75
      52
      66
      68
      58
      65
      88
      74
      62
      70
      65
      55
      67
      82
      62
      56
      78
      66
      67
      61
      73
      65
      63
      65
      81
      57
      47
      48
      64
      56
      66
      69
      66
      66
      71
      69
      62
      70
      65
      72
      67
      66
      73
      68
      61
      73
      73
      62
      72
      88
      67
      60
      69
      60
      69
      56
      64
      70
      88
      73
      64
      75
      65
      78
      74
      64
      84
      55
      66
      59
      54
      71
      58
      55
      68
      54
      65
      81
      68
      75
      68
      62
      70
      62
      61
      55
      63
      59
      77
      70
      70
      63
      57
      63
      79
      63
      64
      62
      73
      68
      58
      59
      68
      70
      79
      77
      69
      71
      70
      61
      64
      81
      64
      74
      97
      58
      69
      75
      70
      95
      99
     115
     128
     127
     104
      96
      96
      89
      68
      90
      73
      69
      80
      66
      61
      74
      71
      64
      54
      75
      66
      48
      49
      82
      64
      54
      62
      45
      52
      60
      55
      57
      64
      71
      73
      75
      73
      72
      67
      69
      72
      66
      71
      74
      77
      85
      82
      92
      65
      81
      52
      67
      73
      71
      69
      60
      72
      74
      73
      67
      81
      61
      74
      59
      52
      65
      83
      64
      53
      74
      67
      72
      64
      77
      69
      75
      71
      76
      77
      74
      69
      76
      86
      68
      74
      67
      70
      66
      67
      75
      60
      74
      65
      75
      64
      54
      71
      81
      68
      72
      74
      66
      66
      74
      70
      72
      67
      80
      89
      87
      90
     120
     155
     144
     180
     196
     207
     222
     162
     158
     128
     109
      80
      69
      65
      65
      67
      55
      64
      72
      64
      67
      72
      67
      70
      50
      66
      78
      71
      69
      52
      72
      67
      60
      74
      61
      60
      74
      59
      65
      69
      79
      72
      86
      72
      92
      76
      75
      90
      76
      66
      61
      63
      50
      52
      65
      81
      77
      72
      57
      66
      62
      70
      69
      67
      80
      74
      55
      51
      63
      52
      62
      62
      54
      75
      71
      63
      65
      56
      59
      64
      59
      76
      55
      63
      80
      75
      59
      63
      71
      54
      56
      65
      56
      53
      74
      72
      68
      85
      77
      64
      76
      87
      81
      91
      70
      96
      73
      76
      66
      74
      62
      56
      48
      62
      69
      64
      77
      80
      57
      67
      69
      70
      67
      82
      67
      76
      52
      66
      68
      61
      53
      68
      55
      74
      77
      74
      58
      69
      85
      64
      64
      61
      66
      83
      68
      86
      78
     109
      83
      93
      93
      85
      61
      79
      79
      83
      55
      71
      80
      71
      58
      81
      61
      64
      71
      71
      56
      55
      63
      64
      58
      66
      61
      65
      72
      64
      67
      51
      63
      69
      62
      61
      80
      72
      87
      57
      73
      61
      57
      77
      56
      68
      63
      65
      56
      79
      53
      63
      55
      77
      68
      72
      67
      61
      56
      69
      68
      67
      61
      73
      80
      64
      65
      57
      74
      56
      64
      77
      65
      63
      78
      69
      61
      60
      65
      62
      66
      87
      78
      72
      58
      74
      63
      66
      77
      65
      76
      66
      71
      71
      69
      66
      84
      75
      64
      76
      62
      55
      65
      64
      71
      76
      60
      58
      67
      75
      69
      77
      64
      73
      59
      65
      70
      72
      80
      85
      59
      71
      71
      66
      70
      74
      53
      76
      66
      80
      79
      59
      82
      62
      72
      68
      65
      77
      65
      58
      65
      67
      83
      92
      66
      67
      62
      73
      70
      70
      75
      67
      60
      61
      81
      63
      68
      76
      69
      62
      75
      61
      77
      61
      67
      65
      70
      61
      62
      53
      67
      86
      72
      78
      90
      67
     100
     108
     107
     103
     127
     118
     131
     132
      96
      95
      81
      61
      79
      64
      81
      60
      57
      44
      53
      86
      62
      71
      68
      64
      57
      66
      70
      67
      57
      57
      47
      64
      63
      50
      60
      66
      57
      63
      55
      47
      44
      50
      51
      51
      50
      63
      56
      68
      62
      44
      46
      73
      64
      55
      49
      51
      50
      63
      50
      57
      45
      62
      61
      54
      53
      62
      45
      45
      66
      50
      44
      49
      48
      51
      49
      43
      51
      48
      57
      61
      43
      42
      48
      48
      55
      44
      42
      43
      54
      40
      52
      58
      48
      41
      43
      60
      53
      43
      67
      60
      47
      69
      63
      56
      60
      53
      61
      59
      38
      57
      64
      50
      48
      44
      48
      50
      51
      56
      56
      67
      52
      49
      66
      57
      76
      50
      52
      59
      53
      55
      57
      43
      47
      58
      49
      49
      50
      43
      48
      39
      52
      53
      45
      52
      46
      50
      48
      50
      45
      46
      36
      45
      41
      63
      47
      35
      43
      51
      37
      47
      40
      40
      43
      50
      46
      57
      50
      42
      57
      52
      54
      48
      45
      49
      50
      46
      41
      35
      52
      47
      54
      49
      49
      48
      38
      41
      45
      41
      49
      38
      36
      48
      55
      43
      38
      49
      39
      37
      43
      33
      39
      40
      48
      49
      35
      45
      38
      50
      40
      28
      48
      43
      39
      57
      48
      37
      40
      44
      41
      41
      41
      34
      48
      58
      36
      37
      42
      35
      51
      57
      43
      41
      40
      56
      38
      47
      51
      46
      49
      50
      43
      45
      49
      34
      30
      47
      46
      55
      44
      44
      47
      47
      37
      39
      41
      35
      47
      49
      45
      61
      63
      66
      72
      67
      83
      73
      46
      55
      32
      41
      48
      40
      44
      33
      46
      39
      50
      37
      37
      37
      30
      44
      50
      33
      45
      42
      27
      44
      31
      39
      39
      41
      25
      42
      40
      34
      25
      38
      32
      32
      48
      31
      35
      36
      34
      24
      32
      31
      37
      29
      33
      26
      43
      32
      39
      31
      34
      46
      32
      42
      33
      27
      40
      41
      53
      34
      33
      46
      28
      27
      32
      35
      41
      43
      28
      39
      34
      50
      36
      34
      47
      35
      37
      34
      35
      41
      31
      39
      27
      32
      31
      43
      41
      39
      32
      24
      28
      30
      25
      35
      33
      28
      38
      38
      30
      32
      34
      49
      29
      35
      34
      42
      39
      39
      29
      37
      41
      29
      26
      41
      38
      50
      43
      52
      79
      69
      64
      75
      49
      45
      53
      41
      29
      37
      42
      45
      37
      40
      41
      42
      38
      43
      42
      33
      35
      35
      43
      39
      49
      39
      41
      29
      34
      27
      33
      29
      31
      42
      33
      32
      30
      26
      43
      26
      35
      42
      26
      27
      33
      27
      41
      34
      31
      37
      38
      37
      39
      25
      28
      36
      32
      36
      17
      29
      40
      42
      38
      32
      48
      45
      33
      42
      43
      48
      46
      40
      28
      40
      37
      27
      35
      39
      39
      39
      40
      61
      44
      53
      47
      47
      46
      55
      48
      44
      34
      29
      27
      32
      36
      27
      28
      40
      33
      24
      27
      30
      33
      30
      21
      29
      36
      32
      34
      32
      17
      33
      30
      39
      29
      36
      28
      31
      37
      24
      38
      27
      27
      29
      27
      37
      38
      31
      41
      39
      36
      27
      37
      22
      19
      34
      43
      30
      32
      25
      33
      30
      27
      29
      23
      35
      38
      32
      40
      35
      21
      33
      31
      26
      31
      38
      39
      42
      33
      32
      53
      41
      40
      33
      36
      36
      36
      33
      28
      26
      33
      33
      31
      25
      45
      24
      27
      30
      31
      32
      30
      37
      27
      33
      27
      32
      35
      31
      28
      32
      38
      41
      33
      38
      40
      28
      37
      43
      33
      33
      35
      28
      30
      38
      33
      29
      39
      38
      36
      36
      58
      39
      48
      39
      52
      62
      63
      79
      84
     138
     174
     253
     336
     483
     640
     845
    1072
    1246
    1389
    1400
    1336
    1158
     950
     677
     479
     305
     200
     111
      70
      31
      30
      23
      32
      24
      21
      22
      21
      20
      19
      21
      27
      13
      17
      30
      18
      16
      18
      20
      14
      24
      17
      20
      17
      22
      15
      21
      25
      21
      21
      21
      25
      31
      21
      22
      19
      28
      27
      18
      28
      33
      12
      25
      21
      22
      17
      25
      21
      19
      26
      28
      25
      25
      21
      25
      31
      26
      13
      28
      15
      25
      17
      22
      19
      29
      25
      22
      20
      25
      26
      17
      17
      27
      20
      24
      14
      21
      20
      23
      19
      17
      31
      28
      20
      30
      24
      31
      20
      25
      18
      26
      24
      19
      30
      11
      19
      19
      21
      22
      17
      29
      20
      25
      26
      19
      20
      17
      22
      22
      23
      20
      15
      12
      23
      21
      32
      30
      24
      36
      38
      30
      39
      35
      39
      35
      41
      35
      24
      42
      36
      34
      33
      29
      36
      33
      36
      29
      24
      21
      19
      19
      22
      22
      25
      23
      16
      17
      25
      31
      14
      17
      21
      18
      21
      22
      15
      15
      19
      12
      18
      24
      18
      23
      21
      19
      28
      23
      28
       9
      22
      20
      22
      17
      18
      24
      16
      23
      18
      20
      18
      21
      19
      19
      24
      21
      27
      13
      24
      22
      16
      30
      13
      23
      22
      11
      15
      24
      28
      15
      25
      19
      20
      32
      22
      27
      22
      23
      16
      33
      16
      20
      17
      15
      19
      15
      21
      24
      23
      20
      24
      15
      19
      14
      18
      31
      21
      22
      24
      15
      20
      14
      24
      17
      19
      23
      17
      25
      18
      19
      21
      22
      11
      13
      20
      19
      14
      20
      22
      16
      18
      23
      19
      23
      17
      22
      18
      19
      21
      18
      19
      16
      20
      23
      18
      21
      18
      13
      14
      24
      23
      16
      18
      26
      22
      18
      21
      19
      14
      19
      16
      14
      13
      17
      14
      14
      20
      20
      22
      19
      21
      10
      19
      15
      18
      19
      13
      25
      20
      21
      20
      16
      23
      24
      13
      26
      19
      14
      16
      20
      15
      17
      18
      18
      25
      24
      31
      19
      18
      25
      25
      30
      19
      26
      36
      23
      32
      28
      30
      20
      27
      38
      22
      42
      22
      32
      42
      45
      48
      60
      67
      52
      54
      56
      70
      82
      67
      74
      87
      87
     103
      86
      89
      82
      58
      68
      58
      37
      34
      27
      22
      31
      17
      18
      23
      21
      27
      29
      29
      19
      29
      25
      29
      23
      14
      18
      20
      23
      13
      18
      22
      28
      14
      23
      22
      17
      18
      23
      18
      20
      24
      26
      26
      31
      22
      23
      17
      18
      21
      25
      28
      24
      22
      19
      19
      18
      17
      18
      24
      12
      21
      20
      26
      18
      15
      24
      24
      28
      33
      33
      37
      39
      54
      58
      62
      75
      88
      90
      91
      92
      91
      75
      53
      55
      42
      36
      27
      17
      22
      19
      13
      30
      19
      19
      17
      14
      26
      21
      22
      18
      30
      38
      29
      31
      22
      35
      27
      23
      31
      29
      24
      16
      23
      20
      21
      14
      20
      19
      18
      23
      20
      23
      21
      16
      10
      24
      29
      23
      23
      23
      19
      20
      25
      18
      14
      19
      19
      24
      17
      13
      16
      19
      15
      17
      14
      20
      13
      17
      19
      29
      20
      16
      20
      20
      17
      14
      11
      19
      12
      17
      25
      25
      24
      18
      19
      20
      20
      25
      19
      15
      22
      21
      22
      24
      25
      15
      23
      17
      22
      18
      17
      16
      23
      23
      27
      29
      28
      34
      19
      31
      32
      29
      24
      33
      22
      21
      18
      17
      27
      22
      18
      21
      16
      13
      17
      12
      27
      26
      25
      23
      20
      18
      22
      16
      26
      17
      17
       9
      19
      20
      15
      26
      24
      19
      12
      15
      15
      12
      18
      19
      20
      15
      10
      20
      24
      19
      31
      24
      23
      32
      17
      27
      23
      21
      21
      22
      19
      21
      14
      20
      16
      17
      12
      22
      22
      22
      19
      21
      15
      22
      19
      20
      21
      22
      17
      15
      20
      16
      16
      19
      22
      17
      17
      18
      27
      16
      19
      17
      25
      21
      21
      22
      22
      28
      15
      19
      25
      19
      15
      18
      22
       9
      18
      15
      26
      11
      27
      19
      18
      22
      12
      14
      19
      22
      23
      19
      24
      19
      21
      18
      20
      13
      19
      23
      19
      18
      16
      13
      19
      14
      16
      12
      16
      14
      18
      23
      18
      14
      26
      17
      17
      16
      17
      21
      24
      24
      22
      11
      20
      16
      21
       8
      11
      11
      19
      14
      14
      18
      15
      17
      16
      15
      13
      25
      14
      18
      14
      21
      21
      15
      27
      19
      20
      14
      28
      21
      27
      25
      26
      27
      36
      24
      34
      38
      46
      33
      37
      40
      24
      27
      19
      19
      17
      17
      18
      13
      17
      13
      18
      14
      21
      18
      18
      27
      15
      20
      16
      20
      19
      22
      16
      10
      14
      14
      13
      20
      21
      16
      17
      18
      16
      16
      17
      13
      18
      15
      22
      19
      10
      17
      23
      11
      10
      22
      16
       6
      29
      16
      17
      15
      15
      23
      20
      15
      19
      19
      19
      18
      20
      18
      19
      15
      18
      29
      30
      21
      15
      24
      20
      19
      23
      17
      13
      21
      20
      28
      17
      18
      29
      25
      25
      44
      46
      55
      56
      79
      95
     100
     125
     123
     152
     148
     130
     115
      89
      78
      44
      40
      18
      29
      25
      25
      22
      20
       7
      22
      18
      18
      13
      14
      16
      13
      20
      15
      27
      24
      22
      23
      15
      17
      20
      20
      23
      16
      19
      15
      15
      15
      16
      16
      13
      12
      29
      22
      21
      20
      18
      16
      19
      11
      14
      15
      19
      17
      19
      10
      18
      18
      12
      19
      20
      17
      13
      19
      21
      14
      23
      18
      19
       8
      26
      11
      22
      16
      15
      11
      10
      19
      12
      18
      16
      14
      11
      20
      15
      14
      22
      17
      25
      13
      20
      16
      16
      18
      16
      13
      14
      21
      18
      21
      18
      17
      20
      20
      13
      16
      20
      13
      17
      23
      22
      20
      15
      22
      25
      25
      10
      21
      24
      25
      26
      20
      14
      20
      14
      15
      15
      18
      19
      15
      19
      23
      17
      21
      25
      18
      20
      18
      18
      15
      21
      21
      17
      23
      18
      19
       8
      22
      19
      18
      16
      14
      12
      16
      14
      22
      14
      17
      20
      24
      16
      20
      22
      18
      14
      19
      18
      14
      14
      16
      20
      24
      14
      14
      14
      27
      16
      23
      22
      19
      14
      11
      19
      12
      22
      15
      21
      12
      13
      16
      22
      19
      16
      20
       9
      24
      19
      23
      17
      16
      29
      18
      32
      24
      24
      20
      16
      20
      22
      20
      27
      22
      10
      16
      20
      25
      25
      15
      14
      20
      24
      22
      28
      30
      37
      31
      32
      30
      34
      27
      35
      31
      25
      19
      16
      28
      21
      18
      15
      18
      12
      24
      18
      19
      11
      20
      12
      21
      17
      21
      20
      20
      12
      22
      16
      17
      17
      22
      18
      23
      12
      13
      24
      23
      21
      18
      12
      23
      17
      18
      21
      14
      15
      23
      15
      14
      13
      11
      16
      17
      25
      16
      21
      15
      21
      18
      25
      28
      22
      26
      31
      22
      21
      26
      21
      20
      21
      23
      17
      20
      26
      19
      23
      19
      14
      19
      13
      16
      20
      17
      19
      15
      21
      25
      21
      16
      17
      18
      16
      14
      18
       9
      13
      25
      26
      18
      20
      20
      26
      16
      19
      19
      26
      24
      14
      13
      17
      24
      25
      29
      19
      25
      18
      20
      21
      18
      31
      25
      18
      13
      22
      24
      19
      20
      23
      16
      14
      19
      20
      19
      19
      20
      24
      19
      18
      14
      27
      15
      28
      15
      26
      13
      19
      14
       8
      29
      16
      14
      14
      19
      14
      27
      20
      14
      23
      18
      26
      22
      21
      26
      20
      25
      24
      19
      20
      26
      14
      22
      17
      30
      16
      18
      18
      23
      24
      17
      21
      14
      20
      21
      23
      12
      18
      24
      16
      20
      21
      13
      24
      20
      25
      22
      16
      14
      16
      22
      21
      17
      23
      28
      15
      20
      22
      13
      14
      14
      20
      25
      16
      11
      17
      18
      20
      31
      19
      21
      21
      13
      14
      11
      22
      22
      23
      26
      15
      20
      11
      14
      17
      11
      18
      21
      17
      26
      24
      25
      16
      28
      19
      22
      16
      23
      17
      19
      11
      26
      23
      25
      20
      16
      20
      23
      16
      14
      20
      22
      24
      21
      17
      17
      13
      25
      15
      19
      25
      17
      20
      17
      15
      14
      11
      13
      17
      15
      16
      19
      13
      23
      19
      27
      13
      22
      19
      31
      19
      23
      19
      13
      20
      15
      16
      18
      16
      32
      23
      12
      22
      20
      20
      13
      19
      24
      14
      12
      19
      20
      12
      16
      24
      15
      19
      12
      17
      17
      27
      14
      21
      24
      18
      15
      17
      23
      19
      14
      11
      19
      10
      35
      20
      17
      13
      15
      20
      15
      22
      25
      16
      15
      26
      17
      20
      26
      19
      23
      14
      19
      18
      18
      15
      13
      18
      19
      17
      20
      14
      22
      20
      16
      18
      22
      24
      22
      14
      20
      24
      19
      20
      16
      14
      25
      25
      16
      21
      13
      24
      20
      18
      19
      21
      20
       5
      20
      21
      19
      14
      16
      13
      17
      22
      11
      16
      23
      19
      22
      13
      18
      21
      22
      14
      17
      17
      16
      15
      12
      14
      22
      22
      17
      21
      17
      15
      16
      10
      24
      25
      26
      30
      19
      23
      12
      27
      18
      24
      11
      14
      13
      29
      15
      18
      12
       9
      17
      25
      15
      14
      23
      17
      28
      10
      19
      16
      16
      19
      18
      24
      24
      16
      16
      19
      16
      14
      15
      15
      17
      12
      15
      20
      18
      21
      24
      15
      18
      13
      11
      18
      16
      19
      16
      12
      19
      13
      15
      27
      24
      21
      20
      17
      27
      21
      22
      20
      19
      16
      14
      19
      17
      22
      20
      18
      12
      16
      22
      28
      14
       7
      22
      21
      11
      21
      14
      22
      20
      20
      22
      17
      17
      22
      12
      18
      21
      20
      10
      16
      26
      18
      15
      19
      27
      20
      19
      22
      19
       9
      24
      18
      20
      18
      19
      12
      18
      16
      19
      21
      20
      15
      15
      14
      18
      18
      15
      20
      21
      29
      18
      20
      15
      15
      20
      18
      16
      20
      14
      27
      21
      16
      17
      18
      19
      25
      25
      24
      15
      21
      22
      14
      19
      25
      12
      28
      23
      29
      18
      11
      15
      19
      16
      13
      21
      15
      16
      16
      16
      19
      13
      15
      20
      15
      27
      26
      14
      28
      25
      17
      16
      13
      19
      21
      20
      21
      17
      19
      23
      23
      11
      19
      15
      17
      20
      18
      18
      22
      16
      14
      17
      20
      14
      21
      20
      13
      14
      17
      14
      23
      22
      21
      22
      18
      28
      18
      15
      22
      22
      21
      18
      25
      29
      17
      21
      16
      19
      21
      21
      19
      18
      23
      24
      16
      22
      18
      15
      19
      27
      12
      16
      16
      23
      19
      18
      24
      30
      25
      21
      19
      11
      22
      18
      14
      18
      25
      16
      18
      22
      18
      15
      24
      23
      22
      21
      34
      20
      22
      26
      44
      34
      43
      43
      60
      64
      71
      77
      91
     123
     122
     100
     152
     137
     145
     123
     109
      86
      77
      73
      68
      59
      39
      36
      32
      28
      32
      22
      19
      16
      29
      23
      24
      20
      21
      25
      15
      18
      21
      28
      27
      22
      23
      22
      25
      19
      18
      19
      18
      24
      17
      24
      18
      25
      37
      28
      39
      19
      16
      28
      29
      18
      20
      19
      20
      34
      26
      19
      35
      21
      24
      22
      22
      20
      23
      21
      22
      20
      13
      16
      15
      20
      20
      20
      25
      21
      20
      21
      20
      14
      21
      23
      31
      21
      23
      22
      22
      21
      20
      22
      21
      19
      15
      12
      22
      27
      24
      25
      22
      19
      13
      16
      24
      26
      21
      17
      22
      26
      22
      24
      24
      21
      22
      25
      19
      21
      23
      18
      18
      11
      26
      17
      22
      16
      24
      26
      24
      20
      19
      17
      19
      22
      20
      23
      25
      24
      25
      15
      18
      29
      22
      20
      24
      16
      18
      16
      30
      20
      11
      19
      24
      18
      19
      18
      26
      23
      30
      32
      25
      24
      14
      16
      25
      18
      27
      29
      22
      31
      15
      21
      26
      25
      20
      28
      26
      19
      18
      25
      24
      11
      24
      20
      22
      24
      18
      22
      22
      31
      17
      17
      22
      27
      15
      21
      17
      21
      15
      19
      20
      16
      15
      22
      26
      17
      19
      27
      21
      18
      27
      16
      27
      28
      28
      27
      21
      13
      16
      20
      22
      21
      23
      16
      26
      20
      20
      18
      20
      23
      28
      16
      25
      27
      25
      24
      23
      22
      19
      29
      24
      21
      16
      27
      29
      28
      26
      23
      24
      20
      29
      19
      22
      23
      23
      22
      17
      17
      22
      15
      30
      24
      26
      32
      30
      33
      23
      32
      27
      29
      20
      37
      28
      24
      38
      34
      38
      54
      44
      44
      56
      53
      50
      52
      48
      45
      30
      27
      31
      18
      27
      25
      23
      29
      24
      18
      28
      24
      25
      17
      24
      22
      20
      23
      15
      22
      16
      25
      26
      19
      32
      22
      15
      28
      23
      33
      23
      26
      24
      23
      21
      31
      17
      29
      12
      32
      13
      19
      24
      34
      21
      25
      15
      21
      21
      30
      27
      20
      16
      20
      21
      24
      23
      31
      15
      25
      25
      21
      24
      16
      22
      12
      17
      28
      24
      20
      18
      21
      29
      24
      23
      21
      28
      33
      30
      21
      26
      17
      20
      23
      21
      26
      32
      21
      25
      18
      30
      25
      30
      24
      26
      20
      36
      24
      18
      23
      20
      22
      27
      17
      19
      22
      22
      28
      26
      20
      28
      19
      15
      27
      25
      27
      18
      32
      22
      32
      23
      17
      26
      18
      21
      34
      31
      21
      27
      18
      21
      24
      30
      29
      25
      24
      23
      24
      17
      28
      27
      20
      22
      21
      25
      20
      38
      32
      25
      32
      19
      24
      20
      19
      29
      25
      16
      27
      26
      30
      26
      28
      29
      36
      25
      31
      24
      30
      20
      23
      23
      24
      19
      33
      20
      29
      26
      34
      21
      32
      29
      30
      18
      16
      26
      27
      22
      25
      29
      24
      27
      24
      38
      29
      28
      30
      22
      36
      24
      26
      28
      27
      29
      31
      24
      19
      21
      23
      16
      26
      26
      14
      24
      25
      34
      29
      28
      33
      32
      25
      23
      26
      35
      31
      24
      28
      23
      30
      30
      23
      20
      30
      29
      28
      24
      37
      33
      20
      41
      35
      28
      29
      36
      32
      35
      26
      29
      13
      27
      19
      31
      17
      33
      31
      41
      35
      27
      18
      24
      24
      29
      26
      21
      29
      21
      22
      30
      32
      35
      32
      21
      33
      31
      38
      32
      34
      36
      33
      26
      31
      39
      20
      28
      32
      29
      30
      23
      18
      30
      20
      40
      26
      29
      31
      30
      29
      20
      31
      36
      25
      26
      30
      35
      30
      34
      32
      26
      23
      29
      26
      36
      26
      33
      31
      23
      29
      29
      30
      29
      22
      18
      26
      26
      30
      24
      24
      36
      16
      35
      33
      27
      33
      40
      24
      32
      31
      36
      33
      35
      31
      16
      35
      42
      21
      28
      39
      30
      30
      38
      30
      33
      26
      32
      41
      28
      29
      37
      27
      23
      53
      36
      27
      27
      28
      45
      40
      40
      40
      23
      29
      16
      30
      33
      27
      36
      30
      36
      30
      35
      21
      27
      23
      31
      35
      31
      30
      34
      30
      23
      42
      35
      39
      18
      30
      43
      26
      39
      37
      39
      39
      36
      24
      31
      27
      35
      30
      35
      28
      33
      38
      44
      26
      28
      31
      36
      41
      39
      32
      21
      33
      51
      31
      24
      39
      32
      39
      33
      36
      39
      36
      39
      37
      34
      27
      36
      39
      40
      32
      24
      38
      40
      19
      47
      16
      23
      43
      37
      40
      40
      35
      37
      23
      29
      41
      28
      30
      38
      38
      37
      36
      26
      31
      39
      40
      29
      39
      37
      37
      36
      26
      39
      27
      42
      21
      31
      19
      19
      28
      28
      23
      32
      38
      20
      22
      12
      25
      26
      23
      35
      32
      31
      22
      21
      29
      16
      27
      20
      27
      18
      26
      32
      18
      26
      26
      25
      21
      25
      21
      27
      18
      20
      26
      31
      19
       9
      22
      27
      30
      23
      25
      22
      24
      26
      26
      24
      18
      26
      22
      18
      20
      15
      26
      20
      14
      21
      27
      21
      20
      22
      13
      23
      17
      21
      17
      16
      12
      14
      18
      18
      29
      20
      22
      14
      14
      17
      17
      27
      20
      23
      20
      21
      11
      19
      28
      21
      31
      23
      29
      18
      20
      26
      12
      19
      19
      21
      24
      17
      20
      11
      16
      14
      24
      17
      20
      23
      16
      17
      16
       9
      21
      19
      25
      18
      24
      25
      16
      18
      22
      19
      20
      23
      22
      25
      20
      19
      12
      17
      14
      16
      12
      11
      18
      15
      22
      20
      12
      13
      20
      16
      22
      23
      13
      21
      14
      28
      18
      18
      16
      15
      20
      12
      17
      20
      18
      15
      18
      23
      10
      20
      13
      25
      21
      15
      12
      13
      17
      14
      12
      26
      13
      16
      16
      21
      18
      25
      23
      22
      26
      31
      29
      18
      26
      21
      18
      14
      22
      24
      18
      19
      14
      10
      20
      11
      22
      21
      21
      18
      22
       9
      16
      12
      13
      14
      16
      14
      14
      19
      12
      17
      15
      21
      12
      12
      16
      14
      16
      19
      22
      22
      12
       9
      17
      10
      15
      15
      13
      13
      20
      15
      14
      14
      12
      21
      17
      14
       8
      11
      11
      14
       8
      23
      23
       8
      14
      13
       6
      10
      12
       7
       9
       6
      13
      14
      14
      11
      11
      17
      13
       8
      12
       9
       8
      10
      13
      15
      18
       6
       8
      13
      15
      14
      10
      12
      11
      12
      17
      14
      11
       7
      12
       8
      16
      11
      10
      11
       4
       9
      13
      12
       6
       5
      12
       9
       7
       9
      10
       9
       9
       7
      12
       7
       7
       4
      12
      11
       9
      10
       8
       3
       9
      15
      11
       6
       9
       4
       9
       6
       6
       9
       6
      10
      10
      10
       3
       4
       4
       9
      10
       9
       7
      10
       6
       9
       8
      11
       7
       8
       3
      16
       6
       4
       6
       8
       8
       4
       3
       4
       7
      12
       6
      11
       7
       3
      11
       4
       4
       6
       5
       6
       8
       3
      11
       3
       5
       5
       8
       2
       6
       2
       3
       2
       2
       8
       8
       3
       4
       9
      12
      11
       9
       6
       4
       6
      10
       4
       6
       4
       4
       4
       5
       7
       6
       7
       4
       5
       3
       6
       1
       5
       7
       5
       6
       6
       7
       4
       2
       6
       1
       4
       3
       8
       7
       4
       5
       0
       4
       5
       5
       2
       4
       3
       8
       7
       7
       4
       2
       4
       4
       1
       7
       3
       2
      10
       3
      12
       4
       3
       4
       3
       5
       2
       0
       5
       2
       2
       5
       5
      14
       6
       6
       3
       4
       4
       5
       4
       2
       3
       2
       1
       2
       4
       3
       2
       4
       6
       6
       2
       0
       5
       4
       8
       4
       6
       4
       7
       3
       4
       9
       3
      10
       2
       0
       2
       2
       3
       2
       2
       4
       7
       6
       5
       7
       9
       3
       3
       3
       4
       3
       6
       2
       8
       4
       3
       3
       1
       3
       8
       5
       3
       6
       9
       7
       5
       3
       6
       6
       4
       4
       2
       3
       4
       3
       4
       4
       6
       5
       5
       2
       2
       9
       1
       2
       8
       6
       4
       2
       4
       4
       3
       5
       3
       1
       2
       1
       0
       9
       2
       0
       9
       9
       4
       4
       3
       3
       7
       5
       4
       5
       6
       2
       1
       4
       2
       2
       4
       1
       2
       3
       7
       4
       4
       3
       4
       3
       3
       2
       2
       1
       3
       6
       4
      11
       3
       3
       3
       1
       4
       4
       3
       7
       4
       9
       7
      11
       8
       3
       8
       5
       4
      12
       4
      13
       6
      14
      11
       9
       8
      13
      12
      14
      15
      18
      25
      23
      21
      23
      30
      29
      45
      65
      79
      90
     117
     176
     184
     245
     296
     345
     462
     546
     668
     778
     884
     884
     902
     986
     908
     928
     762
     644
     536
     365
     284
     177
     115
      65
      37
      27
      22
      10
       4
       1
       1
       1
       0
       0
       0
       0
       0
       0
       0
       1
       0
       0
       0
       0
       1
       1
       0
       1
       1
       1
       1
       0
       0
       0
       1
       1
       0
       0
       0
       0
       0
       1
       0
       0
       0
       1
       1
       1
       0
       0
       0
       0
       0
       0
       0
       1
       0
       1
       1
       0
       0
       0
       0
       0
       1
       0
       0
       0
       0
       0
       0
       0
       1
       0
       0
       0
       0
       0
       0
       0
       1
       1
       1
       1
       0
       0
       0
       0
       1
       1
       0
       1
       0
       0
       0
       0
       0
       0
       0
       0
       0
       1
       1
       1
       1
       0
       0
       2
       0
       0
       0
       0
       1
       0
       0
       0
       0
       0
       1
       0
       0
       1
       0
       1
       0
       0
       0
       1
       1
       1
       0
       1
       0
       1
       0
       2
       0
       0
       1
       1
       0
       0
       1
       0
       0
       1
       0
       0
       0
       0
       0
       0
       0
       0
       0
       1
       1
       0
       0
       0
       0
       1
       0
       0
       1
       0
       0
       0
       0
       0
       0
       0
       1
       0
       0
       0
       0
       1
       1
       0
       0
       0
       0
       1
       0
       1
       0
       0
       0
       1
       1
       0
       0
       0
       0
       0
       1
       1
       2
       1
       0
       0
       0
       0
       0
       1
       0
       0
       0
       0
       0
       0
       0
       2
       1
       0
       0
       0
       1
       0
       0
       0
       0
       0
       0
       0
       0
       0
       2
       0
       1
       0
       0
       1
       2
       1
       0
       2
       0
       0
       0
       0
       1
       0
       0
       0
       1
       0
       0
       0
       1
       0
       0
       1
       0
       0
       0
       0
       0
       0
       0
       0
       0
       0
       0
       0
       0
       1
       0
       0
       0
       0
       0
       0
       0
       0
       1
       0
       0
       0
       2
       0
       0
       0
       0
       0
       0
       0
       0
       0
       0
       0
       1
       0
       1
       0
       0
       1
       0
       1
       0
       2
       0
       0
       2
       0
       0
       1
       0
       0
       0
       0
       0
       0
       0
       0
       0
       0
       0
       0
       0
       0
       0
       1
       0
       0
       0
       0
       1
       0
       0
       0
       0
       0
       0
       1
       0
       0
       1
       0
       0
       0
       1
       0
       0
       0
       0
       0
       0
       0
       0
       0
       0
       0
       1
       0
       0
       0
       0
       0
       0
       0
       0
       0
       0
       1
       0
       1
       0
       0
       1
       0
       0
       1
       0
       0
       0
       0
       0
       0
       0
       0
       0
       0
       0
       0
       0
       0
       0
       0
       0
       0
       0
       0
       1
       0
       0
       0
       0
       0
       0
       1
       0
       0
       0
       1
       0
       0
       0
       0
       1
       0
       1
       2
       0
       0
       0
       1
       0
       1
       1
       0
       1
       0
       0
       0
       0
       0
       1
       0
       1
       0
       0
       0
       0
       0
       1
       0
       0
       0
       0
       0
       1
       0
       1
       1
       0
       0
       0
       0
       0
       1
       0
       0
       2
       0
       0
       0
       0
       0
       0
       0
       0
       0
       0
       0
       1
       0
       0
       0
       0
       0
       0
       0
       0
       0
       1
       0
       0
       0
       0
       0
       0
       0
       0
       1
       1
       0
       0
       0
       0
       0
       0
       0
       0
       0
       1
       1
       0
       0
       1
       0
       0
       0
       0
       0
       0
       0
       0
       0
       0
       0
       0
       0
       0
       0
       0
       0
       1
       0
       0
       0
       0
       0
       0
       0
       0
       1
       0
       0
       0
       0
       0
       1
       0
       0
       0
       0
       0
       1
       0
       0
       0
       1
       0
       1
       0
       0
       0
       0
       0
       0
       0
       0
       0
       0
       0
       0
       0
       0
       0
       0
       0
       0
       0
       0
       0
       1
       0
       0
       1
       0
       0
       0
       0
       0
       2
       0
       0
       0
       0
       0
       0
       0
       0
       2
       0
       1
       0
       0
       0
       0
       1
       0
       0
       0
       0
       0
       0
       0
       0
       0
       0
       0
       0
       0
       0
       0
       0
       1
       0
       0
       0
       0
       0
       0
       0
       0
       0
       0
       0
       0
       0
       2
       0
       1
       1
       0
       0
       0
       0
       1
       1
       0
       0
       0
       0
       0
       0
       0
       0
       1
       0
       0
       0
       1
       0
       0
       0
       0
       0
       2
       0
       0
       0
       0
       0
       0
       0
       0
       0
       0
       0
       1
       0
       0
       0
       0
       1
       2
       0
       0
       0
       1
       0
       0
       0
       0
       0
       0
       0
       0
       0
       0
       0
       0
       0
       0
       0
       0
       0
       0
       0
       0
       1
       0
       0
       0
       0
       0
       0
       0
       0
       0
       0
       0
       0
       0
       0
       0
       0
       1
       0
       1
       1
       0
       0
       1
       0
       0
       1
       0
       0
       0
       0
       0
       1
       0
       0
       0
       0
       0
       0
       0
       1
       0
       0
       0
       1
       1
       1
       0
       0
       0
       0
       0
       0
       0
       0
       0
       1
       0
       0
       1
       1
       0
       0
       0
       0
       0
       0
       0
       0
       0
       0
       0
       1
       0
       0
       0
       0
       1
       0
       1
       0
       0
       0
       0
       0
       0
       0
       0
       0
       0
       0
       0
       0
       0
       0
       0
       0
       1
       0
       0
       0
       1
       1
       1
       0
       0
       0
       1
       0
       0
       0
       0
       0
       1
       0
       0
       1
       1
       0
       0
       0
       0
       0
       0
       0
       0
       0
       0
       0
       1
       0
       0
       0
       0
       0
       1
       0
       0
       1
       0
       0
       0
       0
       0
       3
       0
       0
       0
       0
       0
       0
       0
       1
       0
       0
       0
       0
       0
       0
       0
       0
       0
       0
       0
       0
       0
       0
       0
       0
       0
       0
       1
       1
       0
       0
       0
       1
       0
       0
       0
       0
       0
       0
       0
       0
       0
       0
       0
       0
       0
       0
       1
       0
       0
       0
       0
       2
       0
       1
       0
       2
       0
       1
       0
       0
       1
       0
       0
       1
       0
       0
       1
       1
       0
       1
       0
       0
       0
       0
       0
       1
       0
       1
       0
       0
       0
       0
       0
       0
       1
       0
       0
       0
       0
       0
       0
       1
       1
       0
       0
       0
       0
       0
       0
       0
       0
       0
       0
       0
       0
       0
       1
       0
       0
       0
       1
       1
       0
       0
       0
       0
       0
       0
       0
       0
       0
       0
       1
       0
       0
       0
       0
       0
       0
       0
       0
       0
       0
       1
       1
       0
       0
       0
       1
       0
       0
       0
       0
       0
       1
       0
       0
       0
       0
       0
       0
       0
       1
       0
       0
       0
       0
       0
       0
       0
       0
       1
       0
       1
       0
       0
       0
       0
       0
       0
       0
       0
       0
       0
       0
       0
       0
       0
       0
       0
       0
       0
       2
       0
       1
       0
       0
       0
       0
       0
       0
       0
       0
       0
       0
       0
       1
       0
       0
       0
       0
       0
       0
       0
       0
       0
$ROI:
2
3937 4042
7053 7203
$PRESETS:
None
0
0
$ENER_FIT:
0.369260 0.365870
$MCA_CAL:
3
3.692600E-001 3.658700E-001 4.208100E-008 keV
$SHAPE_CAL:
3
3.291200E+000 7.847500E-004 -2.769900E-008
